File,Model,sMAPE,MASE,MAE,RMSE,Execution Time
Back Bay_Lyft_Lux Black XL.csv,ARIMA,4.434181655243419,0.5995960352634174,1.3907532908051607,1.7815496530182688,0.1889970302581787
Back Bay_Lyft_Lux Black XL.csv,SES,4.490857267830392,0.6072455838329374,1.4084962947954387,1.7871991195168093,0.017003297805786133
Back Bay_Lyft_Lux Black XL.csv,TBATS,4.379793199496531,0.5922778075065471,1.3737787800726844,1.7790381085323907,19.344469785690308
Back Bay_Lyft_Lux Black XL.csv,ETS,4.531907065864848,0.6127983883941929,1.421375935024166,1.7930507568495395,0.004976034164428711
Back Bay_Lyft_Lux Black.csv,ARIMA,5.904854367625746,0.6996387889406477,1.3030888688876874,1.7196759150929533,0.06100344657897949
Back Bay_Lyft_Lux Black.csv,SES,5.9044360381512035,0.6995902842174733,1.30299852803487,1.7195490958480004,0.002996683120727539
Back Bay_Lyft_Lux Black.csv,TBATS,6.012720813864181,0.7121189862733698,1.3263334437781336,1.7555947278622084,16.147384881973267
Back Bay_Lyft_Lux Black.csv,ETS,5.832152508851246,0.691179801316684,1.2873338638921297,1.6957794969356994,0.0049991607666015625
Back Bay_Lyft_Lux.csv,ARIMA,5.507030043251617,0.5860243847925993,0.9346508969921486,1.2374191871365305,0.11267638206481934
Back Bay_Lyft_Lux.csv,SES,5.540675695572542,0.5895611772668505,0.9402917309647895,1.2417153180159823,0.003000497817993164
Back Bay_Lyft_Lux.csv,TBATS,5.595349356734804,0.5952936890487122,0.9494345199305272,1.249968432220425,14.505522012710571
Back Bay_Lyft_Lux.csv,ETS,5.504552198331176,0.5857636589775652,0.9342350651202772,1.2371460598239266,0.003999948501586914
Back Bay_Lyft_Lyft XL.csv,ARIMA,6.9729061456729315,0.8107831348972375,1.0490562780375812,1.4256319098619517,0.09597587585449219
Back Bay_Lyft_Lyft XL.csv,SES,6.977134805899077,0.8112621905775557,1.0496761187167178,1.425109292197188,0.0029973983764648438
Back Bay_Lyft_Lyft XL.csv,TBATS,6.964186162417375,0.8097957418164877,1.0477787096402282,1.4264922864905212,13.717580080032349
Back Bay_Lyft_Lyft XL.csv,ETS,6.966785153182174,0.8100917330107769,1.04816168679805,1.4266997752857076,0.004002809524536133
Back Bay_Lyft_Lyft.csv,ARIMA,7.163553464102583,0.8552006280979362,0.6642926346692641,0.9138229126240068,0.06999421119689941
Back Bay_Lyft_Lyft.csv,SES,7.141393313154304,0.8526060765254083,0.6622772695686407,0.9105669116937598,0.002999544143676758
Back Bay_Lyft_Lyft.csv,TBATS,7.102316324289669,0.8480227801193221,0.6587171107649213,0.9061748410679986,12.445860147476196
Back Bay_Lyft_Lyft.csv,ETS,7.141489645649621,0.8526174172370825,0.6622860786725978,0.9105886296420909,0.004997730255126953
Back Bay_Lyft_Shared.csv,ARIMA,7.645336243576034,0.6622768977279776,0.44466837480655974,0.5954041814235699,0.04099750518798828
Back Bay_Lyft_Shared.csv,SES,7.115389364422331,0.6184590606152592,0.41524804249043235,0.5244701760937704,0.00199127197265625
Back Bay_Lyft_Shared.csv,TBATS,7.181496386521315,0.6241340350843052,0.4190583545862891,0.5215316510494282,20.35174822807312
Back Bay_Lyft_Shared.csv,ETS,7.115026682712365,0.618428166408629,0.41522729938932107,0.5245076464241416,0.0039980411529541016
Back Bay_Uber_Black SUV.csv,ARIMA,4.8197532626617186,0.7719208759849508,1.4166291737722103,1.744837720472567,0.10400271415710449
Back Bay_Uber_Black SUV.csv,SES,4.861843125513581,0.7786382617141162,1.428956919907168,1.7553945045754076,0.0030221939086914062
Back Bay_Uber_Black SUV.csv,TBATS,4.886057786665023,0.7824971426033747,1.4360387380259751,1.7617532772975435,10.118448972702026
Back Bay_Uber_Black SUV.csv,ETS,4.819893806179003,0.7719433278366443,1.4166703774099194,1.7448700699602793,0.003974199295043945
Back Bay_Uber_Black.csv,ARIMA,5.485503779135567,0.6551571489842192,1.10257742627013,1.3740738206160292,0.10900115966796875
Back Bay_Uber_Black.csv,SES,5.804246086552727,0.6925896008891352,1.165573268632978,1.4389710495030978,0.0019996166229248047
Back Bay_Uber_Black.csv,TBATS,5.442507693168825,0.650064565311934,1.0940070125805914,1.3593191656617738,9.058902502059937
Back Bay_Uber_Black.csv,ETS,5.483230699088612,0.6548885272060684,1.102125357160829,1.3735491052084432,0.003998994827270508
Back Bay_Uber_UberPool.csv,ARIMA,6.396964296583466,0.9379982542577542,0.5780439153045109,0.7762528250454962,0.14599275588989258
Back Bay_Uber_UberPool.csv,SES,6.362603819800629,0.9329285699971812,0.5749197089149605,0.773557492925122,0.004034519195556641
Back Bay_Uber_UberPool.csv,TBATS,6.370678908991666,0.9341327266352284,0.5756617736411337,0.7758645301524747,14.281917095184326
Back Bay_Uber_UberPool.csv,ETS,6.399492813654472,0.9383722464233651,0.5782743889698101,0.7764872491886229,0.005031585693359375
Back Bay_Uber_UberX.csv,ARIMA,5.175906375492441,0.6863237647626423,0.5019847732188273,0.6775776743090823,0.10360097885131836
Back Bay_Uber_UberX.csv,SES,5.271488050911842,0.698997924958727,0.5112547938103057,0.6779280192730385,0.0030019283294677734
Back Bay_Uber_UberX.csv,TBATS,5.250992883136155,0.6962856354425823,0.5092709953356359,0.6774217269124915,24.272643089294434
Back Bay_Uber_UberX.csv,ETS,5.175135338495787,0.6862213090483489,0.5019098359790796,0.6776113226174938,0.007999897003173828
Back Bay_Uber_UberXL.csv,ARIMA,6.6278047550237185,0.6991642310751018,1.0442950000156843,1.365309418821904,0.09616208076477051
Back Bay_Uber_UberXL.csv,SES,6.995615045986084,0.7368309110362811,1.1005552087082329,1.4620400787123644,0.002996683120727539
Back Bay_Uber_UberXL.csv,TBATS,6.679596256142271,0.704552417112999,1.0523429742804402,1.3936916135495998,9.156466722488403
Back Bay_Uber_UberXL.csv,ETS,6.62784884841468,0.6991640117582576,1.0442946724367355,1.3631460382182514,0.007986783981323242
Back Bay_Uber_WAV.csv,ARIMA,5.839995498607654,0.771865090405095,0.5690054561761927,0.7592504861821385,0.07598352432250977
Back Bay_Uber_WAV.csv,SES,5.8386895571356305,0.7716971916115999,0.5688816841196873,0.7633138717182811,0.0030193328857421875
Back Bay_Uber_WAV.csv,TBATS,5.838646219703264,0.7716817471284765,0.5688702987166236,0.7583381877796173,22.733779191970825
Back Bay_Uber_WAV.csv,ETS,5.891859308499578,0.7787311107494506,0.5740669663892076,0.7596412392269452,0.005000591278076172
Beacon Hill_Lyft_Lux Black XL.csv,ARIMA,4.303150812921095,0.8303597694746,1.324757939356096,1.763878991766239,0.06801009178161621
Beacon Hill_Lyft_Lux Black XL.csv,SES,4.294531932390788,0.8287251054562744,1.3221499925165872,1.7663475145256318,0.0030012130737304688
Beacon Hill_Lyft_Lux Black XL.csv,TBATS,4.28364205531222,0.8266687193917054,1.3188692293274664,1.7761366492134372,9.450586795806885
Beacon Hill_Lyft_Lux Black XL.csv,ETS,4.330819022282226,0.8356164885282101,1.333144521362159,1.7576023677756167,0.0060002803802490234
Beacon Hill_Lyft_Lux Black.csv,ARIMA,4.45825322911775,0.8010228718802587,0.9776454129315382,1.314068446669553,0.11500310897827148
Beacon Hill_Lyft_Lux Black.csv,SES,4.470938833550819,0.8033363433374462,0.9804689961742468,1.3166997068371493,0.003000974655151367
Beacon Hill_Lyft_Lux Black.csv,TBATS,4.167049945191891,0.7482084267440662,0.9131855805890211,1.263059161172653,10.390229225158691
Beacon Hill_Lyft_Lux Black.csv,ETS,4.44019536827009,0.7977317502562895,0.9736286113244622,1.3108024448999658,0.0049991607666015625
Beacon Hill_Lyft_Lux.csv,ARIMA,5.038031220447153,0.9078053843543427,0.8526022034880606,1.1077229144137994,0.136000394821167
Beacon Hill_Lyft_Lux.csv,SES,5.097256069550029,0.9183128042303067,0.8624706725383877,1.0970766415230895,0.0029997825622558594
Beacon Hill_Lyft_Lux.csv,TBATS,5.023496410635209,0.9052743446368912,0.8502250750006043,1.1214407438126628,11.62475872039795
Beacon Hill_Lyft_Lux.csv,ETS,5.037708823957567,0.9077490088845183,0.8525492561817068,1.1079705172361467,0.0050029754638671875
Beacon Hill_Lyft_Lyft XL.csv,ARIMA,4.317984236039673,0.7349672558956476,0.6183407762490808,0.7202651052013079,0.060355424880981445
Beacon Hill_Lyft_Lyft XL.csv,SES,4.331856201125385,0.7373475503621334,0.6203433595156165,0.722692845352156,0.002996206283569336
Beacon Hill_Lyft_Lyft XL.csv,TBATS,4.273301737694459,0.7273155617341633,0.6119032724426466,0.7139358326331509,13.585255146026611
Beacon Hill_Lyft_Lyft XL.csv,ETS,4.329504823170301,0.7369438893902407,0.6200037524968012,0.7222598413992359,0.003999948501586914
Beacon Hill_Lyft_Lyft.csv,ARIMA,4.28946180337134,0.7288197952713455,0.39530162600828656,0.5018121389668312,0.08900237083435059
Beacon Hill_Lyft_Lyft.csv,SES,4.158654722458663,0.7066297491167437,0.38326605647103595,0.5027674807681645,0.0030019283294677734
Beacon Hill_Lyft_Lyft.csv,TBATS,4.131954812579453,0.7021148191368446,0.38081722182912947,0.501393772110204,14.083320379257202
Beacon Hill_Lyft_Lyft.csv,ETS,4.154213762569627,0.7058824563077931,0.3828607353417265,0.5032890899462947,0.005953550338745117
Beacon Hill_Lyft_Shared.csv,ARIMA,9.205422841330778,1.0733674755778415,0.550118295184127,0.6644839375541239,0.062006235122680664
Beacon Hill_Lyft_Shared.csv,SES,9.638231687094704,1.127108831343955,0.5776616143992191,0.6966000130102921,0.0019941329956054688
Beacon Hill_Lyft_Shared.csv,TBATS,6.931410353468516,0.7982471399367812,0.40911464689315646,0.5290932512827065,19.795191764831543
Beacon Hill_Lyft_Shared.csv,ETS,9.588770245946682,1.1209212272849545,0.574490366645155,0.6927581600777166,0.0030066967010498047
Beacon Hill_Uber_Black SUV.csv,ARIMA,2.0020906238713514,0.8070618548354009,0.5680557779588449,0.7298975377527296,0.09835219383239746
Beacon Hill_Uber_Black SUV.csv,SES,2.0090549429846267,0.8098589885750942,0.5700245588806993,0.7339360396928152,0.001999378204345703
Beacon Hill_Uber_Black SUV.csv,TBATS,2.000358018861786,0.806364453313671,0.567564907325321,0.7283989024127576,15.142236232757568
Beacon Hill_Uber_Black SUV.csv,ETS,2.0021350356363317,0.8070797110623977,0.5680683461812894,0.7299247794025508,0.003999948501586914
Beacon Hill_Uber_Black.csv,ARIMA,2.3035723797495526,0.6844035445950413,0.4474977359547774,0.5561715815194822,0.0859987735748291
Beacon Hill_Uber_Black.csv,SES,2.297299642209566,0.6825419959304773,0.4462805610594385,0.556066607253253,0.0020003318786621094
Beacon Hill_Uber_Black.csv,TBATS,2.2906053169503577,0.6805606896744466,0.444985082579222,0.5600219630409647,9.961062669754028
Beacon Hill_Uber_Black.csv,ETS,2.2967049013519985,0.6823655898361888,0.4461652178113999,0.5560796158608063,0.003998756408691406
Beacon Hill_Uber_UberPool.csv,ARIMA,3.2825241524818756,0.5943451305853346,0.28119035861599223,0.32966252323948586,0.10799741744995117
Beacon Hill_Uber_UberPool.csv,SES,3.33868095772936,0.6044680740135074,0.28597961984879483,0.3354800924994981,0.002001047134399414
Beacon Hill_Uber_UberPool.csv,TBATS,3.2931531419459383,0.5962642993185141,0.28209833567604803,0.33112581608473385,10.428088665008545
Beacon Hill_Uber_UberPool.csv,ETS,3.282287653986299,0.5943023685242995,0.28117012747644243,0.32959510261424946,0.005001068115234375
Beacon Hill_Uber_UberX.csv,ARIMA,3.8964817359630337,0.7059371726294263,0.3661110459668845,0.45330964548473934,0.10199880599975586
Beacon Hill_Uber_UberX.csv,SES,3.9418090761320608,0.714216036757312,0.3704046059645658,0.4576009310481885,0.005001068115234375
Beacon Hill_Uber_UberX.csv,TBATS,3.9612449832434726,0.7177758670698823,0.37225079461949284,0.46080191114127655,12.179046392440796
Beacon Hill_Uber_UberX.csv,ETS,3.873164031894098,0.7016848239341951,0.3639057054791067,0.45137046075192244,0.00403285026550293
Beacon Hill_Uber_UberXL.csv,ARIMA,4.243404040038993,0.8252984673249548,0.6460894535824381,0.8519131691355473,0.10200643539428711
Beacon Hill_Uber_UberXL.csv,SES,4.127907962449268,0.8031417766028727,0.6287439661393012,0.8091591231561586,0.0030040740966796875
Beacon Hill_Uber_UberXL.csv,TBATS,4.264193538463578,0.829262936281941,0.6491930599546467,0.8567517266689879,9.614307165145874
Beacon Hill_Uber_UberXL.csv,ETS,4.30887483585908,0.8377690440890204,0.6558521133308179,0.8654440393557903,0.003025531768798828
Beacon Hill_Uber_WAV.csv,ARIMA,3.589566419703205,0.6587426337486088,0.33900017184343734,0.39802595814460245,0.07999396324157715
Beacon Hill_Uber_WAV.csv,SES,3.587990592114529,0.6584529625717683,0.3388511021253166,0.39793848096775736,0.003006458282470703
Beacon Hill_Uber_WAV.csv,TBATS,3.5859756105748257,0.6580826336561959,0.33866052456196194,0.3978504472321803,13.63167691230774
Beacon Hill_Uber_WAV.csv,ETS,3.5853546735089004,0.6579685221216629,0.3386018008239888,0.3978238735750554,0.00500798225402832
Boston University_Lyft_Lux Black XL.csv,ARIMA,5.600206391155241,0.8075514537572128,2.02842301287851,2.623306924030142,0.12399816513061523
Boston University_Lyft_Lux Black XL.csv,SES,5.664215956107934,0.8168326948339156,2.0517358097293683,2.634143693430017,0.002997159957885742
Boston University_Lyft_Lux Black XL.csv,TBATS,5.552967458960507,0.8007348203954243,2.0113008642933323,2.6213623376573785,20.70792579650879
Boston University_Lyft_Lux Black XL.csv,ETS,5.6054513905518855,0.808310361487998,2.0303292516681424,2.6239492214053843,0.0030002593994140625
Boston University_Lyft_Lux Black.csv,ARIMA,6.707357498331193,0.8110733741089841,1.8392036759515689,2.5053009825547403,0.11017084121704102
Boston University_Lyft_Lux Black.csv,SES,6.59246231988161,0.7974891294639019,1.8083998134604506,2.5199098562768154,0.0019986629486083984
Boston University_Lyft_Lux Black.csv,TBATS,6.605689548729209,0.7990433034555708,1.8119240846420634,2.5161155866508262,10.308948040008545
Boston University_Lyft_Lux Black.csv,ETS,6.712098704095576,0.8116366850025524,1.8404810492438344,2.5051104024269395,0.003997802734375
Boston University_Lyft_Lux.csv,ARIMA,5.759040501142289,0.6992237895768187,1.2205163096257976,1.5423364133137842,0.06300234794616699
Boston University_Lyft_Lux.csv,SES,5.834677951727778,0.7081841674178949,1.2361569206268361,1.6759924310153627,0.0030090808868408203
Boston University_Lyft_Lux.csv,TBATS,5.762426738625132,0.6996291556494578,1.221223888387276,1.541235748494561,16.970017433166504
Boston University_Lyft_Lux.csv,ETS,5.800703759858323,0.7042314031641351,1.2292572508619681,1.5376369775298904,0.0039920806884765625
Boston University_Lyft_Lyft XL.csv,ARIMA,5.658028624803636,0.6984129514873381,1.0202860106046787,1.264037503687237,0.10704898834228516
Boston University_Lyft_Lyft XL.csv,SES,5.880028578207542,0.7255381998294644,1.0599122966847285,1.3103508255877023,0.0029914379119873047
Boston University_Lyft_Lyft XL.csv,TBATS,5.684074292105049,0.7016189651406727,1.0249695590316357,1.2661090385838436,9.449511051177979
Boston University_Lyft_Lyft XL.csv,ETS,5.657555589399781,0.6983546876911065,1.0202008951495698,1.2640832113740241,0.008001327514648438
Boston University_Lyft_Lyft.csv,ARIMA,5.896569457886717,0.76426288275355,0.6528470122281589,0.8493574296005348,0.09200239181518555
Boston University_Lyft_Lyft.csv,SES,5.775985856477822,0.7487802885332236,0.6396215035630463,0.8590015521994407,0.004032135009765625
Boston University_Lyft_Lyft.csv,TBATS,5.914467533701911,0.7665738467256832,0.6548210789512979,0.8495956197702503,21.496047496795654
Boston University_Lyft_Lyft.csv,ETS,5.897100291351898,0.7643313919017646,0.6529055339668584,0.8493629879743536,0.004003286361694336
Boston University_Lyft_Shared.csv,ARIMA,6.728395089191257,0.6337770811046933,0.4652969293905131,0.5772581687578974,0.0906982421875
Boston University_Lyft_Shared.csv,SES,7.460914084666973,0.7020776953070016,0.5154408475145741,0.6175238038491407,0.0029938220977783203
Boston University_Lyft_Shared.csv,TBATS,6.73993048786104,0.6348473113154146,0.4660826549170998,0.5769913404559824,9.314615726470947
Boston University_Lyft_Shared.csv,ETS,6.729432585734439,0.6338785493945471,0.46537142385411406,0.577417151981188,0.004003763198852539
Boston University_Uber_Black SUV.csv,ARIMA,3.436583459499656,0.7859963872234229,1.1584191989731631,1.3815240086563627,0.09200024604797363
Boston University_Uber_Black SUV.csv,SES,3.4302874917526496,0.7845591374101764,1.1563009477897614,1.378935090069604,0.0039975643157958984
Boston University_Uber_Black SUV.csv,TBATS,3.4338994106934697,0.7853840270624892,1.1575166887598303,1.3804814309057853,13.345025300979614
Boston University_Uber_Black SUV.csv,ETS,3.436491104971176,0.7859753228252828,1.1583881537882017,1.3814906094259016,0.003997802734375
Boston University_Uber_Black.csv,ARIMA,4.033784662645857,0.6910929667197532,0.9484145748129312,1.2864777037883557,0.059914588928222656
Boston University_Uber_Black.csv,SES,4.0590532913434885,0.6954985480026855,0.9544605305677528,1.30061055015022,0.003000974655151367
Boston University_Uber_Black.csv,TBATS,4.055667579027906,0.6948254250179685,0.9535367769194162,1.2730747060476693,13.834663152694702
Boston University_Uber_Black.csv,ETS,4.084596687828785,0.6998031818571362,0.96036795212085,1.2795601514087271,0.004998445510864258
Boston University_Uber_UberPool.csv,ARIMA,4.678048002465367,0.7066849507277648,0.41688024554795167,0.5112120892235398,0.09799861907958984
Boston University_Uber_UberPool.csv,SES,4.627012025466907,0.6989329720049311,0.41230727878230966,0.5082801273793158,0.002998828887939453
Boston University_Uber_UberPool.csv,TBATS,4.6538118126644346,0.703001147759156,0.4147071347656683,0.5097405110394395,13.99347996711731
Boston University_Uber_UberPool.csv,ETS,4.7785129623828695,0.7219977950836152,0.4259134396304497,0.518384934540524,0.004000186920166016
Boston University_Uber_UberX.csv,ARIMA,5.718362789185256,0.7491375698511795,0.6271087975134068,0.8530162864347915,0.07999849319458008
Boston University_Uber_UberX.csv,SES,5.715246339946702,0.7487482483794654,0.6267828935275457,0.8563460776307612,0.0029997825622558594
Boston University_Uber_UberX.csv,TBATS,5.715302065788416,0.7487482483794655,0.6267828935275458,0.8545781032279706,8.967079639434814
Boston University_Uber_UberX.csv,ETS,5.746559456058838,0.7527932693890271,0.6301690115962558,0.8521972424856056,0.003998756408691406
Boston University_Uber_UberXL.csv,ARIMA,4.248968023137921,0.6048406725426327,0.7682914798437,1.0024891096028894,0.15200042724609375
Boston University_Uber_UberXL.csv,SES,4.460531451898035,0.635418113716713,0.8071321011774313,1.039113625848315,0.0030002593994140625
Boston University_Uber_UberXL.csv,TBATS,4.364400858484146,0.6214896732369577,0.7894396697092882,1.0217746995692054,10.568122863769531
Boston University_Uber_UberXL.csv,ETS,4.246118204451143,0.6044309135165333,0.7677709884435139,1.0018728144741056,0.004508495330810547
Boston University_Uber_WAV.csv,ARIMA,5.045128488089534,0.6382359142963032,0.5452605778078966,0.6599422965109992,0.16887855529785156
Boston University_Uber_WAV.csv,SES,5.2494134217414095,0.6645544378137644,0.5677451372297899,0.6902906496820005,0.003998994827270508
Boston University_Uber_WAV.csv,TBATS,5.023314311107184,0.6354451690290426,0.542876375755245,0.6552931102705134,13.876168966293335
Boston University_Uber_WAV.csv,ETS,5.046011339846449,0.6383488247441444,0.5453570399696951,0.660039423517734,0.003999948501586914
Fenway_Lyft_Lux Black XL.csv,ARIMA,5.762807163451581,0.7349247201034886,2.0572098142156023,2.601777610338626,0.056005239486694336
Fenway_Lyft_Lux Black XL.csv,SES,5.805574975454495,0.7403795534330966,2.072479047041244,2.606264050513533,0.001999378204345703
Fenway_Lyft_Lux Black XL.csv,TBATS,5.707743739785442,0.7279259978033666,2.0376189094481685,2.5997803643889097,11.230597257614136
Fenway_Lyft_Lux Black XL.csv,ETS,5.879425149516989,0.7498283910347995,2.0989283430241246,2.618082785413079,0.004002094268798828
Fenway_Lyft_Lux Black.csv,ARIMA,6.080736490302879,0.6327869227277729,1.595941505188147,2.0489624824530717,0.0670008659362793
Fenway_Lyft_Lux Black.csv,SES,5.974503333698579,0.6218959618239569,1.5684735915611472,2.022080732321724,0.002999544143676758
Fenway_Lyft_Lux Black.csv,TBATS,5.93432849283965,0.6178276806952393,1.5582130465421293,1.95937473359355,21.30579113960266
Fenway_Lyft_Lux Black.csv,ETS,5.996336197817766,0.6241397453139632,1.5741326010503454,2.0295551212002305,0.0049610137939453125
Fenway_Lyft_Lux.csv,ARIMA,6.069497980966936,0.6249510675593511,1.2437910405334494,1.534717323963135,0.07300233840942383
Fenway_Lyft_Lux.csv,SES,6.152790381401024,0.6336287099444535,1.2610614708308079,1.5493783952844493,0.003999948501586914
Fenway_Lyft_Lux.csv,TBATS,6.16046520760731,0.6344295843827235,1.2626553883431062,1.5504472647953706,9.47248888015747
Fenway_Lyft_Lux.csv,ETS,6.100116481432036,0.6281363144182538,1.250130387260966,1.540069148630739,0.005997419357299805
Fenway_Lyft_Lyft XL.csv,ARIMA,6.603713781099274,0.7414464834787344,1.1819376026835673,1.5046744798072014,0.0980377197265625
Fenway_Lyft_Lyft XL.csv,SES,6.603971820513572,0.741475235991957,1.1819834369781612,1.5046360667220242,0.0030252933502197266
Fenway_Lyft_Lyft XL.csv,TBATS,6.600183120675819,0.7410512640657229,1.1813075846094951,1.504078144262195,17.844574689865112
Fenway_Lyft_Lyft XL.csv,ETS,6.603254497454607,0.7413953280693287,1.181856055999748,1.5047513731323638,0.004000186920166016
Fenway_Lyft_Lyft.csv,ARIMA,7.280089575779799,0.9984697369016226,0.8660220157639513,1.6996737578930283,0.06699872016906738
Fenway_Lyft_Lyft.csv,SES,7.337967715430459,1.0056358621703734,0.8722375494161967,1.6949938846356631,0.0020041465759277344
Fenway_Lyft_Lyft.csv,TBATS,7.23872284374949,0.993374688788401,0.8616028294087206,1.7039308152084855,11.129375696182251
Fenway_Lyft_Lyft.csv,ETS,7.340858603162008,1.005995932372158,0.8725498560494789,1.6948437627108741,0.004998922348022461
Fenway_Lyft_Shared.csv,ARIMA,7.339027175131919,0.656956220460826,0.49511530347307886,0.6465777225020981,0.07800936698913574
Fenway_Lyft_Shared.csv,SES,7.2707911399199885,0.6506882988907876,0.4903914820164251,0.6431938965269944,0.004003286361694336
Fenway_Lyft_Shared.csv,TBATS,7.3806600742325115,0.6607895743991334,0.4980043121153191,0.6489257074252827,19.58184027671814
Fenway_Lyft_Shared.csv,ETS,7.042274460478491,0.6298227340419436,0.47466614119382655,0.632502057081649,0.0029942989349365234
Fenway_Uber_Black SUV.csv,ARIMA,2.8434599344927913,0.6722617806516998,0.926608464813043,1.1975580177180782,0.05752372741699219
Fenway_Uber_Black SUV.csv,SES,2.829974071658005,0.6690977331705588,0.9222473167253835,1.1905746031934208,0.003000020980834961
Fenway_Uber_Black SUV.csv,TBATS,2.924604456639468,0.6912464469368227,0.9527758790372941,1.2291732364232817,16.95867156982422
Fenway_Uber_Black SUV.csv,ETS,2.8511556880927054,0.6740660741236403,0.9290954031638834,1.202045405006318,0.0070002079010009766
Fenway_Uber_Black.csv,ARIMA,4.019561667643194,0.6170830527111554,0.9054129778376427,1.1588579256166203,0.13799691200256348
Fenway_Uber_Black.csv,SES,4.029415739837072,0.61859091821235,0.9076253882864747,1.166213767307269,0.0029997825622558594
Fenway_Uber_Black.csv,TBATS,4.038939595011516,0.6200438056115317,0.909757132305009,1.172905892891774,12.769619464874268
Fenway_Uber_Black.csv,ETS,4.018914745692244,0.6169840030488261,0.9052676475626832,1.1585334995326346,0.00500035285949707
Fenway_Uber_UberPool.csv,ARIMA,4.714098926959214,0.760931863980372,0.44130383688164165,0.657384608094425,0.06372809410095215
Fenway_Uber_UberPool.csv,SES,4.954986677853953,0.7992037322557628,0.4634996774214385,0.6564821405471553,0.0029976367950439453
Fenway_Uber_UberPool.csv,TBATS,4.724345350482077,0.7625584689872875,0.4422471894531686,0.6580749210155149,23.86600685119629
Fenway_Uber_UberPool.csv,ETS,4.707205698307132,0.7598509459377758,0.44067695647075034,0.6584493462066154,0.00500035285949707
Fenway_Uber_UberX.csv,ARIMA,5.3957994709388934,0.7627176522205207,0.5817532218292955,0.7746635526573639,0.07200765609741211
Fenway_Uber_UberX.csv,SES,5.4056579563094935,0.7641047093796773,0.5828111820965733,0.779814443474908,0.0029969215393066406
Fenway_Uber_UberX.csv,TBATS,5.401948899702099,0.7635868393970439,0.5824161833312916,0.7787757473517126,17.598551750183105
Fenway_Uber_UberX.csv,ETS,5.43010836256592,0.7674891190368034,0.5853925976653506,0.7693339070099398,0.004982709884643555
Fenway_Uber_UberXL.csv,ARIMA,6.574318489442535,0.8583966250982357,1.1748788793452034,1.4333363164293142,0.07399439811706543
Fenway_Uber_UberXL.csv,SES,6.62899350072139,0.8654353886516682,1.1845127646539746,1.4468890506389793,0.005001068115234375
Fenway_Uber_UberXL.csv,TBATS,6.6298091734286215,0.8655402655492851,1.1846563086152841,1.4471047212004489,12.87273097038269
Fenway_Uber_UberXL.csv,ETS,6.521772784656921,0.8516145627310491,1.1655963383837946,1.4213078181245065,0.00500035285949707
Fenway_Uber_WAV.csv,ARIMA,5.822054008321925,0.7891278188043801,0.6240651220101159,0.8277774186518069,0.08351969718933105
Fenway_Uber_WAV.csv,SES,5.777937797875396,0.783230427905745,0.6194012945755766,0.8282737622094775,0.004002094268798828
Fenway_Uber_WAV.csv,TBATS,5.782690115524169,0.7838650416075751,0.61990316546116,0.8281919775319248,24.48650813102722
Fenway_Uber_WAV.csv,ETS,5.866156572447996,0.7950373078366901,0.6287385169989703,0.8278589441802587,0.004001140594482422
Financial District_Lyft_Lux Black XL.csv,ARIMA,6.73539347723157,0.8048746188790226,2.4109969216218543,3.1333028502550193,0.1119999885559082
Financial District_Lyft_Lux Black XL.csv,SES,6.74179298940855,0.8056290332654813,2.4132567652306793,3.141536009584053,0.006999015808105469
Financial District_Lyft_Lux Black XL.csv,TBATS,6.7348460848584,0.8048101711154176,2.410803868746273,3.133474555841584,16.043537616729736
Financial District_Lyft_Lux Black XL.csv,ETS,6.705744821300944,0.801344123046336,2.400421343283627,3.0810675641100427,0.007002115249633789
Financial District_Lyft_Lux Black.csv,ARIMA,7.905319780324375,0.7026774508269694,2.000486319473627,2.475879588603961,0.1009986400604248
Financial District_Lyft_Lux Black.csv,SES,7.849651581345718,0.6977570524670486,1.9864782001099024,2.4625429088726385,0.004000663757324219
Financial District_Lyft_Lux Black.csv,TBATS,7.950753395450176,0.7066813262312833,2.011885145438201,2.4887637683321695,19.148859977722168
Financial District_Lyft_Lux Black.csv,ETS,7.915645074140178,0.7035882662185204,2.003079363733436,2.4785060809564126,0.005000114440917969
Financial District_Lyft_Lux.csv,ARIMA,9.021630960816966,0.7400215519423077,1.7804193974284452,2.374903307909316,0.08499598503112793
Financial District_Lyft_Lux.csv,SES,9.0220437508353,0.7399828272141502,1.7803262295240907,2.3448757167180476,0.0029997825622558594
Financial District_Lyft_Lux.csv,TBATS,9.061841626236989,0.7432763318513178,1.7882500792094724,2.4094549957450857,13.362340211868286
Financial District_Lyft_Lux.csv,ETS,9.0217487966017,0.7399828272141502,1.7803262295240907,2.354718302649275,0.006016731262207031
Financial District_Lyft_Lyft XL.csv,ARIMA,10.054128028935864,0.740770882993335,1.670931732281976,2.0648028996422685,0.12296223640441895
Financial District_Lyft_Lyft XL.csv,SES,10.221134614594174,0.7528811276350723,1.6982483999887419,2.1113501369396377,0.003998994827270508
Financial District_Lyft_Lyft XL.csv,TBATS,10.113631267989636,0.7451103360007119,1.6807200891103011,2.083917164891545,9.607446193695068
Financial District_Lyft_Lyft XL.csv,ETS,10.054026861390957,0.7407634516792593,1.6709149697191015,2.06475324071862,0.0049631595611572266
Financial District_Lyft_Lyft.csv,ARIMA,7.450889657613982,0.662411861861984,0.7698195922640438,0.9889565824462697,0.1181488037109375
Financial District_Lyft_Lyft.csv,SES,7.48569888146013,0.6654701934620206,0.7733738214693159,0.9936796893341927,0.0030002593994140625
Financial District_Lyft_Lyft.csv,TBATS,7.432260094381318,0.6607700894722875,0.7679116123132111,0.9855761067552322,25.835014820098877
Financial District_Lyft_Lyft.csv,ETS,7.45137723854267,0.6624547413780807,0.7698694245413603,0.9890169866804909,0.004000425338745117
Financial District_Lyft_Shared.csv,ARIMA,11.218332778991758,0.75227921469639,0.6988539655162785,0.8526994641015103,0.08799457550048828
Financial District_Lyft_Shared.csv,SES,10.920720585068697,0.732365678861023,0.6803546460958778,0.8587414621848998,0.004006385803222656
Financial District_Lyft_Shared.csv,TBATS,11.091357916939685,0.7437095011750298,0.6908928545873289,0.8518959545729325,10.420822858810425
Financial District_Lyft_Shared.csv,ETS,11.4934620942057,0.7710652172449873,0.7163058266348723,0.8596345153333239,0.0060002803802490234
Financial District_Uber_Black SUV.csv,ARIMA,6.351326466181425,0.7949389914733326,2.1691573453532493,2.7523903170211814,0.09399843215942383
Financial District_Uber_Black SUV.csv,SES,6.346007126293274,0.7942749817495488,2.1673454559061587,2.7450202652194933,0.0030078887939453125
Financial District_Uber_Black SUV.csv,TBATS,6.354536715921546,0.7953397570639508,2.1702509181103777,2.7574605392759213,11.682400703430176
Financial District_Uber_Black SUV.csv,ETS,6.352387350368176,0.795071429362371,2.169518729840477,2.7540162461762225,0.004000425338745117
Financial District_Uber_Black.csv,ARIMA,9.907389568483726,0.8121143046016436,2.29443615845029,2.878111768661021,0.044999122619628906
Financial District_Uber_Black.csv,SES,9.926483868945473,0.8136664018032232,2.2988212406001245,2.87411273716662,0.002992868423461914
Financial District_Uber_Black.csv,TBATS,9.90812907735927,0.8121554060888155,2.2945522809441297,2.8746481648178417,14.112298488616943
Financial District_Uber_Black.csv,ETS,9.89689865684841,0.8112598336293255,2.2920220535833717,2.877489116766841,0.007002592086791992
Financial District_Uber_UberPool.csv,ARIMA,9.307060771627038,0.7802833000612454,0.8753766343111586,1.065144546932781,0.18300151824951172
Financial District_Uber_UberPool.csv,SES,9.294392620976941,0.7792223504872446,0.8741863865291163,1.0646824047432175,0.0040013790130615234
Financial District_Uber_UberPool.csv,TBATS,9.36135026233196,0.7848254715203522,0.8804723614195372,1.0679667323727962,12.90651822090149
Financial District_Uber_UberPool.csv,ETS,9.305628113674832,0.7801633500146923,0.8752420659203847,1.065083957560304,0.003000020980834961
Financial District_Uber_UberX.csv,ARIMA,9.383722730210415,0.8573763814098112,1.0138241962105303,1.2810098194010486,0.07190227508544922
Financial District_Uber_UberX.csv,SES,9.416691997097235,0.8603602038404298,1.017352484886249,1.2891195154270532,0.004998445510864258
Financial District_Uber_UberX.csv,TBATS,9.403792726827199,0.8591928623501708,1.0159721353994589,1.2855789554853274,13.645490646362305
Financial District_Uber_UberX.csv,ETS,9.371834868640324,0.8562983612008532,1.0125494667036965,1.2785090488067958,0.0060329437255859375
Financial District_Uber_UberXL.csv,ARIMA,10.69129221772704,0.7772091727647981,1.8360077943870476,2.2977541052642234,0.06200003623962402
Financial District_Uber_UberXL.csv,SES,10.65948453357698,0.7749158546802888,1.8305902697029406,2.292297149686015,0.0029993057250976562
Financial District_Uber_UberXL.csv,TBATS,10.69095867156276,0.7773264632115927,1.8362848706003354,2.299595197438056,11.983895778656006
Financial District_Uber_UberXL.csv,ETS,10.652949699861619,0.7744446400179893,1.82947711532555,2.291286905534723,0.004995822906494141
Financial District_Uber_WAV.csv,ARIMA,7.976754288956865,0.745051399197322,0.8401082443479205,1.012318588505881,0.05625748634338379
Financial District_Uber_WAV.csv,SES,7.97303686644045,0.7447016580270452,0.839713881702801,1.0123733122252057,0.0019996166229248047
Financial District_Uber_WAV.csv,TBATS,7.977265192046149,0.7450959408270489,0.8401584687893356,1.0136508905960817,11.706937789916992
Financial District_Uber_WAV.csv,ETS,7.978639523041298,0.7452325805776728,0.8403125416239461,1.0127335907901718,0.004007101058959961
Haymarket Square_Lyft_Lux Black XL.csv,ARIMA,1.9376335582072328,0.6907255798310555,0.5372333140574638,0.6625220455573234,0.08998274803161621
Haymarket Square_Lyft_Lux Black XL.csv,SES,2.3532593164834923,0.84029060705881,0.6535621682231288,0.7859758506372527,0.003025531768798828
Haymarket Square_Lyft_Lux Black XL.csv,TBATS,1.9239064906190817,0.6858201538067759,0.5334179663175812,0.6606016848687178,16.559734106063843
Haymarket Square_Lyft_Lux Black XL.csv,ETS,1.9236736115038757,0.6857369551095678,0.5333532559418089,0.6605681634065445,0.00496983528137207
Haymarket Square_Lyft_Lux Black.csv,ARIMA,3.556705915117103,0.7928513608986414,0.6402461437063278,0.8006065711097963,0.08896708488464355
Haymarket Square_Lyft_Lux Black.csv,SES,3.5180663420529603,0.7842519838698222,0.6333019442604974,0.798731648187288,0.003000497817993164
Haymarket Square_Lyft_Lux Black.csv,TBATS,3.537894333797362,0.7886623211086474,0.6368633954338948,0.7995161502838304,10.719637155532837
Haymarket Square_Lyft_Lux Black.csv,ETS,3.517645075334832,0.7841583441309506,0.6332263279663635,0.798719456062705,0.005033016204833984
Haymarket Square_Lyft_Lux.csv,ARIMA,5.016673587642777,0.7696311842397943,0.6692297547722356,0.8365651828100406,0.06970787048339844
Haymarket Square_Lyft_Lux.csv,SES,5.074402932698532,0.7783933069799671,0.6768488239741705,0.8305496314456371,0.003007173538208008
Haymarket Square_Lyft_Lux.csv,TBATS,4.999681039776753,0.7670800664238014,0.6670114403570285,0.8454409171486342,10.15783977508545
Haymarket Square_Lyft_Lux.csv,ETS,5.001880531044871,0.7674234060827267,0.6673099900006129,0.8508912564378812,0.006001472473144531
Haymarket Square_Lyft_Lyft XL.csv,ARIMA,5.634062516308334,0.8100498781532479,0.6435498806037486,0.7987224183645937,0.08899188041687012
Haymarket Square_Lyft_Lyft XL.csv,SES,5.641686915143932,0.8111600110890997,0.6444318336014461,0.799394629786157,0.0029985904693603516
Haymarket Square_Lyft_Lyft XL.csv,TBATS,5.6133044296136685,0.80702598598256,0.6411475279858563,0.7960718682604884,11.464918613433838
Haymarket Square_Lyft_Lyft XL.csv,ETS,5.562265604525562,0.799622503059509,0.6352657783804573,0.7918825322326507,0.004033088684082031
Haymarket Square_Lyft_Lyft.csv,ARIMA,4.4443846022336935,0.890585918179133,0.3419983087802405,0.42952587245132695,0.08125066757202148
Haymarket Square_Lyft_Lyft.csv,SES,4.415673736030773,0.8849525552078347,0.3398350131682143,0.42607611345895086,0.0030050277709960938
Haymarket Square_Lyft_Lyft.csv,TBATS,4.1980832741478995,0.8420264116780379,0.3233507322134199,0.4021329752523836,11.268609762191772
Haymarket Square_Lyft_Lyft.csv,ETS,4.410726129752106,0.8839811973128529,0.3394619972126248,0.42550361730491787,0.005041837692260742
Haymarket Square_Lyft_Shared.csv,ARIMA,7.959159398898907,0.7689611235297742,0.3654428866652916,0.45130256524907053,0.12508678436279297
Haymarket Square_Lyft_Shared.csv,SES,7.953874542945995,0.7684512578216964,0.365200576891143,0.4512745256707104,0.002995729446411133
Haymarket Square_Lyft_Shared.csv,TBATS,7.975856934001231,0.7705662151713544,0.36620569417910825,0.4508493818140647,11.077953338623047
Haymarket Square_Lyft_Shared.csv,ETS,7.959701658019491,0.769013452215322,0.36546775547246124,0.4513054745727976,0.0050144195556640625
Haymarket Square_Uber_Black SUV.csv,ARIMA,1.5774195660316626,0.84674473862784,0.435872796495392,0.5859292539259574,0.1316242218017578
Haymarket Square_Uber_Black SUV.csv,SES,1.8025271697456053,0.9675156795695704,0.4980411990401269,0.6223930442944015,0.0030002593994140625
Haymarket Square_Uber_Black SUV.csv,TBATS,1.5294837757693371,0.8211520838277612,0.4226986467090838,0.5862580917081421,18.706279039382935
Haymarket Square_Uber_Black SUV.csv,ETS,1.5586864315628135,0.8367362088561896,0.4307207764575161,0.5853417213624452,0.003958225250244141
Haymarket Square_Uber_Black.csv,ARIMA,3.5356314275370995,0.8702751984209274,0.6008683346858622,0.7753566624940634,0.12999820709228516
Haymarket Square_Uber_Black.csv,SES,3.5282795895484416,0.8684710677118589,0.5996226999525267,0.7722160694511949,0.0030057430267333984
Haymarket Square_Uber_Black.csv,TBATS,3.553043620003027,0.8745198420714412,0.6037989846299797,0.7780295183135858,10.074831247329712
Haymarket Square_Uber_Black.csv,ETS,3.537346451128957,0.8706954656606395,0.6011585018386284,0.7763120344629667,0.005035877227783203
Haymarket Square_Uber_UberPool.csv,ARIMA,4.510890049737604,0.6787138111582373,0.34148314870509583,0.4064026226744734,0.10548949241638184
Haymarket Square_Uber_UberPool.csv,SES,4.651896714173378,0.7002941073370343,0.35234090254474193,0.4178362420564351,0.001997709274291992
Haymarket Square_Uber_UberPool.csv,TBATS,4.393394942194512,0.660810366647675,0.3324753393698171,0.3981970672121254,10.637368440628052
Haymarket Square_Uber_UberPool.csv,ETS,4.5077819725032136,0.6782392570612382,0.34124438499554705,0.4061629605161976,0.004998445510864258
Haymarket Square_Uber_UberX.csv,ARIMA,3.70647012924629,0.6543576011185979,0.3013857711064711,0.37663780180412443,0.11600232124328613
Haymarket Square_Uber_UberX.csv,SES,3.703885309269684,0.6538991156073423,0.3011746006255067,0.37625037315287163,0.0030024051666259766
Haymarket Square_Uber_UberX.csv,TBATS,3.705681008813781,0.6542164297053988,0.30132075000004177,0.3762975293639581,12.116154909133911
Haymarket Square_Uber_UberX.csv,ETS,3.7054565807819184,0.6541779516640576,0.3013030276810216,0.3765636495395744,0.003996849060058594
Haymarket Square_Uber_UberXL.csv,ARIMA,4.9509640724819475,0.6704760579275317,0.6061595497911755,0.8365348721853875,0.09676837921142578
Haymarket Square_Uber_UberXL.csv,SES,4.985692224273584,0.6751880645294279,0.6104195494834048,0.8387400187961974,0.0030083656311035156
Haymarket Square_Uber_UberXL.csv,TBATS,4.986833986996193,0.6753430634162721,0.6105596798495182,0.8388151867614984,14.073969602584839
Haymarket Square_Uber_UberXL.csv,ETS,4.868549047385187,0.6593135508898714,0.5960678244260613,0.8316689519250643,0.005980730056762695
Haymarket Square_Uber_WAV.csv,ARIMA,4.066723193328949,0.7595959400133252,0.3315669281986753,0.42335151774853796,0.11100006103515625
Haymarket Square_Uber_WAV.csv,SES,4.065594964278658,0.7593786656684243,0.3314720870030866,0.421993504810224,0.0030012130737304688
Haymarket Square_Uber_WAV.csv,TBATS,4.062172466292411,0.7587402185826332,0.3311934020761379,0.4220617931877509,20.10877013206482
Haymarket Square_Uber_WAV.csv,ETS,4.067292881695935,0.7597027905730755,0.33161356893226335,0.4234138114309532,0.00661015510559082
North End_Lyft_Lux Black XL.csv,ARIMA,3.434682814115998,0.7028584472559376,1.0111297866291336,1.2452681141361825,0.3535149097442627
North End_Lyft_Lux Black XL.csv,SES,3.7699280560440163,0.7718888285386846,1.110436659826512,1.315282502284569,0.01000213623046875
North End_Lyft_Lux Black XL.csv,TBATS,3.920617086025629,0.8031891239479381,1.1554651590103069,1.370873839904756,13.313333988189697
North End_Lyft_Lux Black XL.csv,ETS,3.42885112171882,0.7016641854681487,1.0094117256577093,1.2443718229369034,0.003999233245849609
North End_Lyft_Lux Black.csv,ARIMA,4.656520412585331,0.7261024922599996,0.9498100063775261,1.2122947982132237,0.10000944137573242
North End_Lyft_Lux Black.csv,SES,4.668719113336901,0.7280108051059085,0.9523062581541886,1.213280207720529,0.005001068115234375
North End_Lyft_Lux Black.csv,TBATS,4.668488224873283,0.7279746650401762,0.9522589835663313,1.213258559017255,12.73105263710022
North End_Lyft_Lux Black.csv,ETS,4.656491145446778,0.7260979148956214,0.9498040187565833,1.2122913314272519,0.008004426956176758
North End_Lyft_Lux.csv,ARIMA,5.185689457402731,0.7137533791600854,0.8354661501524531,1.0798204030366512,0.12399697303771973
North End_Lyft_Lux.csv,SES,5.2046614475796735,0.7163213152896637,0.8384719835042206,1.0646526104142284,0.00500035285949707
North End_Lyft_Lux.csv,TBATS,5.182673093242205,0.7133426295569496,0.8349853574870476,1.0789600448054233,26.38865351676941
North End_Lyft_Lux.csv,ETS,5.212825028181732,0.7174359902910963,0.8397767384228088,1.0634594695328232,0.005004167556762695
North End_Lyft_Lyft XL.csv,ARIMA,5.023879169994661,0.6814732425710792,0.6976963561855691,0.8689968416315825,0.059998273849487305
North End_Lyft_Lyft XL.csv,SES,5.023719117748183,0.6814513873801564,0.6976739807112027,0.8690856644701704,0.0029883384704589844
North End_Lyft_Lyft XL.csv,TBATS,5.032472420982991,0.682637079689751,0.6988878995451107,0.8707076147878188,15.338735342025757
North End_Lyft_Lyft XL.csv,ETS,5.02371926687705,0.6814513873801564,0.6976739807112027,0.8692036958462315,0.004999876022338867
North End_Lyft_Lyft.csv,ARIMA,5.275957137513082,0.8595245130182854,0.44913692522079,0.6061811793330005,0.12900209426879883
North End_Lyft_Lyft.csv,SES,5.293614930366703,0.8624970351822396,0.45069019036291014,0.609580706511807,0.003999471664428711
North End_Lyft_Lyft.csv,TBATS,5.254012877321871,0.8558208471956964,0.4472016074323984,0.5996653905165307,17.93128728866577
North End_Lyft_Lyft.csv,ETS,5.2786406228880915,0.8599762539837242,0.4493729784631822,0.6067403280055295,0.008176803588867188
North End_Lyft_Shared.csv,ARIMA,8.222662092289976,0.7731957619220794,0.43446654590625206,0.5581443328001701,0.05456256866455078
North End_Lyft_Shared.csv,SES,8.28051674355496,0.7787568909698925,0.43759140075896885,0.5599932195675779,0.0030465126037597656
North End_Lyft_Shared.csv,TBATS,8.289147050062251,0.7795894256161404,0.4380592104262172,0.5603296901694058,13.121787548065186
North End_Lyft_Shared.csv,ETS,8.289099739098493,0.779584860367139,0.4380566451664699,0.5603278134499339,0.0040035247802734375
North End_Uber_Black SUV.csv,ARIMA,2.1517522427155518,0.6291130377956022,0.6208396629534673,0.8161393489806222,0.09152364730834961
North End_Uber_Black SUV.csv,SES,2.171306811636232,0.6347966938345921,0.6264485740514699,0.8221475790189242,0.004531383514404297
North End_Uber_Black SUV.csv,TBATS,2.165134676138705,0.6330033418186282,0.6246788061492671,0.8201259768119963,15.40679669380188
North End_Uber_Black SUV.csv,ETS,2.1631436589498865,0.6324247173171033,0.6241077910551243,0.8194973129615237,0.0060002803802490234
North End_Uber_Black.csv,ARIMA,5.130919634952184,0.8010617760295528,0.9560567749325898,1.211974045493088,0.09501218795776367
North End_Uber_Black.csv,SES,5.130616942849634,0.8010149729084848,0.9560009160184286,1.2119023668378786,0.003997802734375
North End_Uber_Black.csv,TBATS,5.13714256736518,0.8020301248892078,0.9572124866585445,1.2174349724508133,17.37642788887024
North End_Uber_Black.csv,ETS,5.12886714901572,0.8007427125506479,0.9556759768346548,1.2106388146949947,0.00400090217590332
North End_Uber_UberPool.csv,ARIMA,5.592947591165725,0.7996067433212285,0.479668956565238,0.5758855046292111,0.06411123275756836
North End_Uber_UberPool.csv,SES,5.581248591245832,0.7979304079638961,0.4786633547010451,0.5757598896550569,0.004004240036010742
North End_Uber_UberPool.csv,TBATS,5.561740671341699,0.7951382228965345,0.47698837570795233,0.5757193232227873,12.13835334777832
North End_Uber_UberPool.csv,ETS,5.582009383511513,0.7980393879604293,0.47872872973903746,0.5757661976795642,0.0060007572174072266
North End_Uber_UberX.csv,ARIMA,5.3370117888873105,0.8481314853921872,0.496296360519695,0.684429145975415,0.15952181816101074
North End_Uber_UberX.csv,SES,5.342171335454289,0.8489281498044083,0.49676254018069194,0.6835109395252902,0.006001949310302734
North End_Uber_UberX.csv,TBATS,5.327059301768623,0.8465972080821005,0.4953985560422774,0.6863616803327607,12.992260694503784
North End_Uber_UberX.csv,ETS,5.338252992660589,0.8483229737401572,0.49640841268591723,0.6841810629446262,0.005002021789550781
North End_Uber_UberXL.csv,ARIMA,5.14831865285268,0.6820187745907222,0.7347303415522483,0.9379064271010714,0.09747815132141113
North End_Uber_UberXL.csv,SES,5.380977622310596,0.7121901997853987,0.7672336425819092,0.9859670829047648,0.005007266998291016
North End_Uber_UberXL.csv,TBATS,5.224381932876208,0.6919162003223508,0.7453927151689442,0.9550705374659719,12.813516616821289
North End_Uber_UberXL.csv,ETS,5.011331697172525,0.6641148868243234,0.7154427059858911,0.913082243440385,0.0050013065338134766
North End_Uber_WAV.csv,ARIMA,4.742479940572853,0.7332086543344138,0.4414800975418772,0.6048330027599031,0.10500335693359375
North End_Uber_WAV.csv,SES,4.750029969487459,0.7343597750743467,0.44217321115086666,0.6056149938348815,0.003993034362792969
North End_Uber_WAV.csv,TBATS,4.765567512981638,0.7367267142116437,0.44359839416668656,0.6073615519181002,13.415469884872437
North End_Uber_WAV.csv,ETS,4.727531590892105,0.7309238958112008,0.440104397173742,0.6025957170579186,0.004998683929443359
North Station_Lyft_Lux Black XL.csv,ARIMA,4.1704080677317,0.8730032221256759,1.3303169176834126,1.6975786169549036,0.11999893188476562
North Station_Lyft_Lux Black XL.csv,SES,4.1963110407823345,0.8783818497346942,1.3385130836549124,1.6913318123935999,0.0029985904693603516
North Station_Lyft_Lux Black XL.csv,TBATS,4.174500186569653,0.8738505970602645,1.331608181200584,1.695403975562565,14.145630359649658
North Station_Lyft_Lux Black XL.csv,ETS,4.1690241768944345,0.8727167304783394,1.3298803503540289,1.6982394488212083,0.0069963932037353516
North Station_Lyft_Lux Black.csv,ARIMA,6.393015901708394,0.8828472520165326,1.469907197089915,1.9891278306706577,0.09100055694580078
North Station_Lyft_Lux Black.csv,SES,6.392722918167938,0.8827996937503655,1.4698280143801534,1.9868468055088662,0.0049974918365478516
North Station_Lyft_Lux Black.csv,TBATS,6.392729678803498,0.8827996937503654,1.4698280143801532,1.9866949516870593,17.17106342315674
North Station_Lyft_Lux Black.csv,ETS,6.402043656982103,0.8840882494934942,1.4719734108305023,1.993722581022413,0.0050008296966552734
North Station_Lyft_Lux.csv,ARIMA,6.315627791314743,0.780853435171051,1.0933706889013806,1.3722563082489434,0.10899949073791504
North Station_Lyft_Lux.csv,SES,6.4810382776156015,0.8017071789204531,1.1225706272540394,1.3948054096568416,0.004999399185180664
North Station_Lyft_Lux.csv,TBATS,6.486500687233726,0.8023977670042485,1.12353760611962,1.39560338734295,27.42748737335205
North Station_Lyft_Lux.csv,ETS,6.231860571398924,0.7703391898572001,1.0786483772302216,1.3618990575270824,0.007005929946899414
North Station_Lyft_Lyft XL.csv,ARIMA,6.803387426416665,0.8531854935189317,0.9971482886428159,1.1790645354109055,0.10656499862670898
North Station_Lyft_Lyft XL.csv,SES,6.88249528577579,0.8632824379183269,1.0089489473563775,1.1933257456052189,0.003964424133300781
North Station_Lyft_Lyft XL.csv,TBATS,6.803106685182005,0.8531497556846661,0.9971065205624295,1.1790137066324111,21.377599239349365
North Station_Lyft_Lyft XL.csv,ETS,6.791520962992588,0.851674592621546,0.9953824449246776,1.1764575766631624,0.006165266036987305
North Station_Lyft_Lyft.csv,ARIMA,5.919929211113435,0.9383536594604858,0.5486537913215999,0.6666198105659497,0.10536932945251465
North Station_Lyft_Lyft.csv,SES,6.1167079155094255,0.9702064505719472,0.5672780641970595,0.6875138898954922,0.0040013790130615234
North Station_Lyft_Lyft.csv,TBATS,5.983150992696999,0.9485606931871438,0.5546218266095937,0.6735221036005089,14.463382720947266
North Station_Lyft_Lyft.csv,ETS,5.907908058567184,0.9364160764624853,0.5475208898327684,0.6651875668158874,0.004216194152832031
North Station_Lyft_Shared.csv,ARIMA,7.872284778790599,0.7991268512214343,0.462882089253076,0.5651120876368622,0.1420269012451172
North Station_Lyft_Shared.csv,SES,8.000029809681594,0.8120053796845786,0.4703417812311567,0.5738953533208905,0.0030012130737304688
North Station_Lyft_Shared.csv,TBATS,7.864865287010256,0.7983738667481295,0.4624459344352949,0.5643490540085554,15.481484651565552
North Station_Lyft_Shared.csv,ETS,7.872975704758889,0.7991965548752634,0.4629224640357074,0.5651549882617831,0.004999399185180664
North Station_Uber_Black SUV.csv,ARIMA,3.2322114857759576,0.753093080503801,0.9937188503346224,1.202469465743948,0.1511225700378418
North Station_Uber_Black SUV.csv,SES,3.2322227584471857,0.7530930234628691,0.9937187750681636,1.1977406217337105,0.003996133804321289
North Station_Uber_Black SUV.csv,TBATS,3.238565222480594,0.7545623335046825,0.9956575541159796,1.2073526099050824,18.719425678253174
North Station_Uber_Black SUV.csv,ETS,3.232211648140354,0.7530930234628689,0.9937187750681634,1.2022997868889413,0.007551908493041992
North Station_Uber_Black.csv,ARIMA,4.137518783582047,0.6129035877544855,0.8749055240001764,1.1830804942249848,0.08657503128051758
North Station_Uber_Black.csv,SES,4.18840142167175,0.6203490921930698,0.8855338072937221,1.2067461798667456,0.0074503421783447266
North Station_Uber_Black.csv,TBATS,4.146165622427403,0.6141736590872474,0.8767185210964714,1.1823802396979615,14.809170722961426
North Station_Uber_Black.csv,ETS,4.272234218354743,0.6327827345572306,0.9032825407082253,1.1856101122469898,0.004000663757324219
North Station_Uber_UberPool.csv,ARIMA,5.171825965763813,0.7409592056628798,0.454883697668546,0.6546808445608,0.08897161483764648
North Station_Uber_UberPool.csv,SES,5.192780825808606,0.7439425058840972,0.45671518127184196,0.6558320304076574,0.003007650375366211
North Station_Uber_UberPool.csv,TBATS,5.17817092889485,0.7418629304781698,0.45543850511612494,0.6549905736320533,13.516397714614868
North Station_Uber_UberPool.csv,ETS,5.1078537024142605,0.731825883283058,0.44927664207846746,0.6533792750875046,0.0039980411529541016
North Station_Uber_UberX.csv,ARIMA,5.093407673774997,0.7820230055960453,0.4861309294474453,0.6341081364963256,0.09802126884460449
North Station_Uber_UberX.csv,SES,5.122191503912767,0.7863741998035892,0.48883577325534255,0.6369125673545243,0.00299835205078125
North Station_Uber_UberX.csv,TBATS,5.069547759055805,0.7784120486472739,0.48388624119001605,0.6316276495794303,13.045562267303467
North Station_Uber_UberX.csv,ETS,4.9949017216915506,0.7670904815973866,0.47684838696657356,0.6241390501271455,0.003996133804321289
North Station_Uber_UberXL.csv,ARIMA,5.619022530534547,0.6904561952143301,0.8631257585305897,1.1294493266321042,0.08199501037597656
North Station_Uber_UberXL.csv,SES,5.792258823214418,0.7116164839783459,0.8895778208290501,1.1537620910359236,0.0049991607666015625
North Station_Uber_UberXL.csv,TBATS,5.602108880246217,0.6883789075840937,0.8605289819733493,1.1278566071193585,13.325249195098877
North Station_Uber_UberXL.csv,ETS,5.592025289632556,0.6871495964899286,0.8589922442657646,1.1267527066671672,0.005999565124511719
North Station_Uber_WAV.csv,ARIMA,5.401176502221622,0.837600589627835,0.5167108748574584,0.6765402124581831,0.08599638938903809
North Station_Uber_WAV.csv,SES,5.403118027536363,0.8378888924824955,0.5168887271919723,0.6747050091626303,0.004006147384643555
North Station_Uber_WAV.csv,TBATS,5.403880483986162,0.8380205553748742,0.5169699492555068,0.6784472246652825,14.294301748275757
North Station_Uber_WAV.csv,ETS,5.401133251862222,0.8375942339792602,0.5167069540952526,0.6765857123158979,0.006003141403198242
Northeastern University_Lyft_Lux Black XL.csv,ARIMA,6.132775528086258,0.906889354712024,2.155983922641729,2.839869677347547,0.08800053596496582
Northeastern University_Lyft_Lux Black XL.csv,SES,6.120136781945586,0.905098449683848,2.151726333303334,2.8534025187293226,0.003999948501586914
Northeastern University_Lyft_Lux Black XL.csv,TBATS,6.132284323454798,0.906819694364146,2.1558183163422497,2.8403869153037067,18.085625886917114
Northeastern University_Lyft_Lux Black XL.csv,ETS,6.143046004322255,0.9083488376860008,2.15945360922578,2.8301251542105095,0.005001544952392578
Northeastern University_Lyft_Lux Black.csv,ARIMA,6.616358597850961,0.7857408129999186,1.6875771440577552,2.106268409361576,0.07599830627441406
Northeastern University_Lyft_Lux Black.csv,SES,6.667442338874813,0.7916810078088946,1.7003352149445214,2.1304340761376195,0.0049953460693359375
Northeastern University_Lyft_Lux Black.csv,TBATS,6.557315337112069,0.7788527714568889,1.6727833325578063,2.0802220138987595,18.765188455581665
Northeastern University_Lyft_Lux Black.csv,ETS,6.5781306559448165,0.7812853040934807,1.678007811688544,2.090120073536,0.005000591278076172
Northeastern University_Lyft_Lux.csv,ARIMA,5.8691864506468665,0.6962165448011399,1.1695368212108683,1.5433773336918708,0.1699984073638916
Northeastern University_Lyft_Lux.csv,SES,5.890392495097109,0.6987098263247316,1.1737251510764248,1.5477507458686552,0.006000041961669922
Northeastern University_Lyft_Lux.csv,TBATS,5.904622165301625,0.7003676350133289,1.1765100149500516,1.5440583484374553,16.741215229034424
Northeastern University_Lyft_Lux.csv,ETS,5.8904720732281035,0.6987098263247317,1.173725151076425,1.5425645959445469,0.004999637603759766
Northeastern University_Lyft_Lyft XL.csv,ARIMA,6.6429539050213995,0.7549545294942479,1.1358491132379769,1.365171975811573,0.07701420783996582
Northeastern University_Lyft_Lyft XL.csv,SES,6.666573164955459,0.7576252685002284,1.1398673109083257,1.3687310473323218,0.0029969215393066406
Northeastern University_Lyft_Lyft XL.csv,TBATS,6.765624569652118,0.7687830202323759,1.156654444325724,1.3861232754314954,15.318787574768066
Northeastern University_Lyft_Lyft XL.csv,ETS,6.611780071978042,0.7514236584644878,1.1305368241246214,1.3614280604980027,0.0039980411529541016
Northeastern University_Lyft_Lyft.csv,ARIMA,6.398701489894389,0.7502314781996486,0.6861138724053318,0.9432737008214961,0.17600059509277344
Northeastern University_Lyft_Lyft.csv,SES,6.390304283116446,0.749267285875125,0.6852320835858199,0.9440281265383453,0.003999471664428711
Northeastern University_Lyft_Lyft.csv,TBATS,6.38865864139724,0.7490794455706697,0.6850602968207632,0.9443230880716172,19.253279447555542
Northeastern University_Lyft_Lyft.csv,ETS,6.399289254406404,0.7502991707836109,0.6861757797262922,0.9432446733447803,0.007004499435424805
Northeastern University_Lyft_Shared.csv,ARIMA,8.249436221673085,0.7073631053139344,0.5488514659534834,0.681322139957922,0.13251209259033203
Northeastern University_Lyft_Shared.csv,SES,8.268972044782469,0.7090269027356566,0.5501424262072793,0.6796517919105816,0.0070040225982666016
Northeastern University_Lyft_Shared.csv,TBATS,8.282591655453043,0.7101882189968782,0.5510435053385186,0.6792949781142699,12.923743963241577
Northeastern University_Lyft_Shared.csv,ETS,8.285807004435693,0.7106300988163754,0.5513863651581563,0.6900033656064599,0.006000518798828125
Northeastern University_Uber_Black SUV.csv,ARIMA,4.015711783189186,0.8807565060547267,1.2734939978907571,1.6287325587734245,0.06299471855163574
Northeastern University_Uber_Black SUV.csv,SES,4.10005275502578,0.8997457123584135,1.3009506673404994,1.6556775513263873,0.004004955291748047
Northeastern University_Uber_Black SUV.csv,TBATS,3.4746650175440217,0.7598678821312853,1.0987000157612516,1.3930285556226119,13.34559440612793
Northeastern University_Uber_Black SUV.csv,ETS,3.9635410099968134,0.8690253833498456,1.256531858808633,1.6124211412597576,0.005965471267700195
Northeastern University_Uber_Black.csv,ARIMA,4.922979052300345,0.7289996189604122,1.0671988451426229,1.400636507595329,0.13900065422058105
Northeastern University_Uber_Black.csv,SES,4.987231818163467,0.7385851613366139,1.0812313349929414,1.4087830308758422,0.0039882659912109375
Northeastern University_Uber_Black.csv,TBATS,4.930341908672507,0.7300967996899783,1.068805032549381,1.4014777758165633,13.111847877502441
Northeastern University_Uber_Black.csv,ETS,4.925056393837601,0.729309145596743,1.0676519681076309,1.4008731111060042,0.008004188537597656
Northeastern University_Uber_UberPool.csv,ARIMA,4.933586795738332,0.7307809924084526,0.44578408197298836,0.5643412040516221,0.11999893188476562
Northeastern University_Uber_UberPool.csv,SES,4.989392002869221,0.7391564243405305,0.45089318343259743,0.5698361342184249,0.00500798225402832
Northeastern University_Uber_UberPool.csv,TBATS,4.9494063085632565,0.7331529649662157,0.4472310101499825,0.5659111036487852,13.490750312805176
Northeastern University_Uber_UberPool.csv,ETS,4.933563432920254,0.7307774903763048,0.4457819456965905,0.5643387069468746,0.007998943328857422
Northeastern University_Uber_UberX.csv,ARIMA,6.583166928263122,0.9517957742153189,0.6970550190585787,0.8861148225762804,0.10599780082702637
Northeastern University_Uber_UberX.csv,SES,6.696894674137751,0.9684246838313424,0.7092333300191171,0.8992250715317494,0.004997968673706055
Northeastern University_Uber_UberX.csv,TBATS,6.578907381730765,0.9511769437889868,0.6966018137951107,0.8856420396901501,18.93248152732849
Northeastern University_Uber_UberX.csv,ETS,6.578993002378271,0.9511893756367845,0.6966109183552888,0.8856508189940265,0.0045185089111328125
Northeastern University_Uber_UberXL.csv,ARIMA,6.577077759232427,0.7968274490923,1.1264961782093703,1.374610818119564,0.11100196838378906
Northeastern University_Uber_UberXL.csv,SES,7.255663783707575,0.88215926719425,1.2471320411945186,1.5062924391125612,0.003985881805419922
Northeastern University_Uber_UberXL.csv,TBATS,6.793652239136694,0.8238855409579239,1.1647489230300783,1.4151356848412917,25.59368658065796
Northeastern University_Uber_UberXL.csv,ETS,6.5714536490663695,0.7961272398280118,1.1255062737312227,1.373514242761856,0.00400090217590332
Northeastern University_Uber_WAV.csv,ARIMA,6.2794321317634,0.9117444874513068,0.6621033427966685,0.7873310920203319,0.11700010299682617
Northeastern University_Uber_WAV.csv,SES,6.383666383056507,0.9270562127390688,0.6732226252672993,0.7953660991948492,0.004001140594482422
Northeastern University_Uber_WAV.csv,TBATS,6.131100418921225,0.8900844160838625,0.6463739297264687,0.7793896461889739,19.774526357650757
Northeastern University_Uber_WAV.csv,ETS,6.181736279315266,0.8974595820948373,0.6517297307614682,0.781444650434884,0.009000539779663086
South Station_Lyft_Lux Black XL.csv,ARIMA,4.406621835798511,0.7929908987301799,1.3849980610941646,1.9647811021289223,0.16552519798278809
South Station_Lyft_Lux Black XL.csv,SES,4.312349911424605,0.7763953728239484,1.356013149363432,1.9293056350880131,0.008000850677490234
South Station_Lyft_Lux Black XL.csv,TBATS,4.392380623944236,0.7904818215056595,1.3806158328786062,1.954980800820717,22.96329641342163
South Station_Lyft_Lux Black XL.csv,ETS,4.396355291094601,0.7911883344036506,1.3818497928085658,1.9614243546902619,0.007003307342529297
South Station_Lyft_Lux Black.csv,ARIMA,5.592879021821219,0.8381676981415992,1.207696031608311,1.5230397014187462,0.34608030319213867
South Station_Lyft_Lux Black.csv,SES,5.597712353822369,0.8388975581564744,1.2087476696582486,1.523477077256026,0.011002063751220703
South Station_Lyft_Lux Black.csv,TBATS,5.58685001145232,0.837260432545016,1.2063887740475179,1.5235977488882089,21.53159213066101
South Station_Lyft_Lux Black.csv,ETS,5.59284526316194,0.838162609195591,1.207688699066252,1.5230391902223608,0.011002540588378906
South Station_Lyft_Lux.csv,ARIMA,5.293926549041568,0.6244008381957826,0.8718378465151573,1.1002930275745209,0.16500186920166016
South Station_Lyft_Lux.csv,SES,5.246310292610621,0.6187882078485091,0.8640010480102227,1.0987295524141345,0.0060002803802490234
South Station_Lyft_Lux.csv,TBATS,5.287545401885492,0.6236496472648587,0.870788974310836,1.099972089131433,36.92117190361023
South Station_Lyft_Lux.csv,ETS,5.319729671831435,0.6274364469688082,0.8760764036304622,1.1022013670591715,0.005001068115234375
South Station_Lyft_Lyft XL.csv,ARIMA,5.1114230818563655,0.612316592533872,0.7338897079134039,0.9383843851761289,0.12099957466125488
South Station_Lyft_Lyft XL.csv,SES,5.103355467364146,0.6113538942371192,0.7327358695552287,0.9353423793257816,0.003000020980834961
South Station_Lyft_Lyft XL.csv,TBATS,5.146345807853118,0.6164706918259185,0.738868587717179,0.9471781214923902,17.877229690551758
South Station_Lyft_Lyft XL.csv,ETS,5.1113613145021635,0.6123092290829077,0.7338808824774394,0.9383656438335137,0.0049974918365478516
South Station_Lyft_Lyft.csv,ARIMA,5.105732641540563,0.8070384182904494,0.46594402715619315,0.5988590560892715,0.09100031852722168
South Station_Lyft_Lyft.csv,SES,5.10572423648792,0.8070397592649438,0.46594480136847605,0.5983508697235406,0.00499725341796875
South Station_Lyft_Lyft.csv,TBATS,5.129321146671375,0.8107043470809683,0.46806055294382604,0.6001078937280758,38.040677309036255
South Station_Lyft_Lyft.csv,ETS,5.10887962029826,0.8075401784334975,0.4662337186212086,0.5985221739410497,0.007996797561645508
South Station_Lyft_Shared.csv,ARIMA,6.796152255643106,0.6095305852213856,0.37938571476169586,0.5095425472571903,0.14100027084350586
South Station_Lyft_Shared.csv,SES,6.781756212189113,0.6082063668440779,0.37856149109227494,0.5084221833649508,0.006002664566040039
South Station_Lyft_Shared.csv,TBATS,6.801226480669579,0.6099972137110778,0.37967615495843476,0.5099451036355072,17.307146549224854
South Station_Lyft_Shared.csv,ETS,6.796028634347075,0.6095192534961156,0.3793786616378736,0.5095355672681684,0.004000186920166016
South Station_Uber_Black SUV.csv,ARIMA,2.5472458752331293,0.8246278600596701,0.7447963181200379,0.9410368601346166,0.13299894332885742
South Station_Uber_Black SUV.csv,SES,2.6317194987647734,0.8519071771288206,0.7694347470380982,0.944739419630004,0.005000114440917969
South Station_Uber_Black SUV.csv,TBATS,2.5410445946701627,0.82263067142566,0.7429924756678871,0.9416441591214105,15.022703409194946
South Station_Uber_Black SUV.csv,ETS,2.544630819016641,0.8237855194025392,0.7440355237660992,0.9412209988076051,0.0050356388092041016
South Station_Uber_Black.csv,ARIMA,4.2400268926415885,0.7847293087616122,0.82197319219954,1.018303365012909,0.10900044441223145
South Station_Uber_Black.csv,SES,4.235582495664359,0.7839075142277803,0.8211123946369104,1.0169637674102054,0.0039997100830078125
South Station_Uber_Black.csv,TBATS,4.23599341164445,0.7839891972923033,0.8211979544452992,1.014751303226881,16.59406042098999
South Station_Uber_Black.csv,ETS,4.318965211499417,0.7992920181653389,0.8372270594911105,1.0306207934074174,0.003996849060058594
South Station_Uber_UberPool.csv,ARIMA,5.764426446070507,0.6457001591491891,0.48343233977420197,0.603456711795254,0.10069513320922852
South Station_Uber_UberPool.csv,SES,5.749471149296335,0.644026895390033,0.4821795759291162,0.5933517099948846,0.0029802322387695312
South Station_Uber_UberPool.csv,TBATS,5.764086195814526,0.6456511527945922,0.48339564897223936,0.6004582963281866,20.78553342819214
South Station_Uber_UberPool.csv,ETS,5.7665160789007,0.6459313897778088,0.4836054609392461,0.6038374815993335,0.006505489349365234
South Station_Uber_UberX.csv,ARIMA,5.853517628211907,0.8562908690964848,0.5591313882010494,0.6925997025161743,0.12491774559020996
South Station_Uber_UberX.csv,SES,5.847519825621897,0.8554159591815719,0.5585600991532141,0.689981182410688,0.003443002700805664
South Station_Uber_UberX.csv,TBATS,5.854547911050822,0.8564420493469485,0.5592301042172548,0.6933633168815865,20.556623220443726
South Station_Uber_UberX.csv,ETS,5.854059633714362,0.8563699354120248,0.559183016053644,0.6928627926949155,0.00556492805480957
South Station_Uber_UberXL.csv,ARIMA,5.924189919499632,0.8146527903335632,0.8913249880405685,1.198719132709467,0.07633757591247559
South Station_Uber_UberXL.csv,SES,5.92369841496962,0.8145844049599887,0.8912501664809952,1.1980172694368947,0.0040209293365478516
South Station_Uber_UberXL.csv,TBATS,5.922950980670959,0.8144820381989321,0.891138165327673,1.1973693203522902,16.50033664703369
South Station_Uber_UberXL.csv,ETS,5.96853245900787,0.8205616568140552,0.8977899758335905,1.1817805096751581,0.005528450012207031
South Station_Uber_WAV.csv,ARIMA,6.319244396659212,0.9478860051295673,0.6017721764840771,0.739505349180849,0.15207505226135254
South Station_Uber_WAV.csv,SES,6.7963788777395395,1.0198358498201747,0.64745004745469,0.763847166916808,0.006997108459472656
South Station_Uber_WAV.csv,TBATS,6.214056358925358,0.9322486813129872,0.5918447101679103,0.7378688889382684,31.7010178565979
South Station_Uber_WAV.csv,ETS,6.270854575131126,0.9407017570292066,0.5972112054470959,0.7410068390429057,0.006999969482421875
Theatre District_Lyft_Lux Black XL.csv,ARIMA,7.5995130673015066,0.9468793516907185,2.63202868882307,3.5919191806400335,0.7745592594146729
Theatre District_Lyft_Lux Black XL.csv,SES,7.613066593564439,0.9485207004986663,2.6365911255719237,3.589834248323537,0.011998653411865234
Theatre District_Lyft_Lux Black XL.csv,TBATS,7.604930523567822,0.9475327455768399,2.6338449196346327,3.5898180414561756,18.728098392486572
Theatre District_Lyft_Lux Black XL.csv,ETS,7.597920142465046,0.9466865938008747,2.6314928821279935,3.592188650223973,0.004001140594482422
Theatre District_Lyft_Lux Black.csv,ARIMA,7.068318186500246,0.7351776802925294,1.729215355000024,2.120217625799926,0.12698078155517578
Theatre District_Lyft_Lux Black.csv,SES,6.938419047506573,0.7215797628523684,1.6972316206404703,2.095302280917999,0.003998279571533203
Theatre District_Lyft_Lux Black.csv,TBATS,7.078959306784184,0.7362978892299524,1.7318502044348292,2.1226113946785485,16.07697343826294
Theatre District_Lyft_Lux Black.csv,ETS,7.06859940598952,0.7352072875251338,1.7292849943302306,2.120289030996083,0.008519887924194336
Theatre District_Lyft_Lux.csv,ARIMA,8.37151905524665,0.7490356352528461,1.5814743964638611,1.9116565270763675,0.09806656837463379
Theatre District_Lyft_Lux.csv,SES,8.358146894705857,0.7478498328095065,1.5789707556287051,1.9141228731010413,0.003996133804321289
Theatre District_Lyft_Lux.csv,TBATS,8.385183915273823,0.7502497003604286,1.5840377096000027,1.9128955165136232,23.579751014709473
Theatre District_Lyft_Lux.csv,ETS,8.400882436408933,0.7516466962562266,1.586987253169347,1.9189018775623345,0.007001638412475586
Theatre District_Lyft_Lyft XL.csv,ARIMA,8.343378523414765,0.7422016936949228,1.3414776281573384,1.6432324250244352,0.14452004432678223
Theatre District_Lyft_Lyft XL.csv,SES,8.3338092436781,0.7413453571665871,1.3399298598017888,1.6428719912908707,0.0050008296966552734
Theatre District_Lyft_Lyft XL.csv,TBATS,8.325128335327785,0.7405517966361422,1.3384955546698767,1.6394747004058048,22.357959985733032
Theatre District_Lyft_Lyft XL.csv,ETS,8.341641171535334,0.7420461902582061,1.3411965665763297,1.6431424421555887,0.007997751235961914
Theatre District_Lyft_Lyft.csv,ARIMA,6.2890294727312,0.6711783925512232,0.636592952169055,0.808300673039938,0.10706424713134766
Theatre District_Lyft_Lyft.csv,SES,6.472330385186497,0.6911070085346748,0.6554946579187385,0.8214081748919164,0.005001068115234375
Theatre District_Lyft_Lyft.csv,TBATS,6.209356326981573,0.6625465502664953,0.6284059038020692,0.8029631538101428,23.040862321853638
Theatre District_Lyft_Lyft.csv,ETS,6.124599496201303,0.6533858970859519,0.6197172938636109,0.7976943773306393,0.006011962890625
Theatre District_Lyft_Shared.csv,ARIMA,9.698652269525088,0.7654089419674667,0.6146310690008695,0.7992989389469443,0.12830424308776855
Theatre District_Lyft_Shared.csv,SES,9.782020164801112,0.7722983849149251,0.6201633608927466,0.8065600595274219,0.003998279571533203
Theatre District_Lyft_Shared.csv,TBATS,9.701009192669117,0.7656532520484326,0.6148272524500017,0.8009143915064528,16.220629930496216
Theatre District_Lyft_Shared.csv,ETS,9.698655581708687,0.7654088213173366,0.6146309721176031,0.7992929551979244,0.0060002803802490234
Theatre District_Uber_Black SUV.csv,ARIMA,2.226486305997452,0.720612740761045,0.636488360895389,0.7712329793892851,0.26204848289489746
Theatre District_Uber_Black SUV.csv,SES,2.2724629782130896,0.7354009859753665,0.649550225367896,0.815267088088907,0.005998134613037109
Theatre District_Uber_Black SUV.csv,TBATS,2.2343467893308446,0.7231478127035845,0.638727488368704,0.7786876068709574,37.24887943267822
Theatre District_Uber_Black SUV.csv,ETS,2.2258259149738104,0.7203994917468249,0.6363000065854442,0.7703936534007033,0.0049991607666015625
Theatre District_Uber_Black.csv,ARIMA,3.9575519660284013,0.7374428030988669,0.7674393050478652,0.9302279717364149,0.14300012588500977
Theatre District_Uber_Black.csv,SES,3.987375219387357,0.7429740981650502,0.7731955931610157,0.9223059231500614,0.003600597381591797
Theatre District_Uber_Black.csv,TBATS,3.9589743898971275,0.737705077304426,0.7677122476180557,0.9291111914905895,18.933748722076416
Theatre District_Uber_Black.csv,ETS,3.956614213109608,0.7372730359533383,0.7672626323898136,0.9344300135792398,0.004008293151855469
Theatre District_Uber_UberPool.csv,ARIMA,4.757938790917706,0.8481772567247924,0.41789855964619693,0.5203700121973489,0.1219944953918457
Theatre District_Uber_UberPool.csv,SES,4.77738120037626,0.8516119830116313,0.4195908558692666,0.5178420161503752,0.003996133804321289
Theatre District_Uber_UberPool.csv,TBATS,4.7577832354207965,0.8481485330467355,0.4178844074349787,0.519988305579364,14.62312936782837
Theatre District_Uber_UberPool.csv,ETS,4.756036664735768,0.8478440280866671,0.41773437725766754,0.5211781533667366,0.00803518295288086
Theatre District_Uber_UberX.csv,ARIMA,5.869087319838251,0.9278067258134685,0.5605888520919806,0.6917103242540806,0.041002750396728516
Theatre District_Uber_UberX.csv,SES,5.94421796620689,0.939874783668073,0.5678804770732081,0.6973417259471477,0.004005908966064453
Theatre District_Uber_UberX.csv,TBATS,5.203732398111019,0.8221591487625924,0.4967556718643601,0.6537355350393022,16.37714171409607
Theatre District_Uber_UberX.csv,ETS,5.900166873036664,0.9327963732507347,0.5636036402492322,0.6940685594833339,0.0069980621337890625
Theatre District_Uber_UberXL.csv,ARIMA,6.02985860212588,0.7713134224134446,0.9090642461597319,1.2009059066314003,0.09200072288513184
Theatre District_Uber_UberXL.csv,SES,6.051540478893662,0.7740448166084974,0.912283446983596,1.2001896519136712,0.003972053527832031
Theatre District_Uber_UberXL.csv,TBATS,5.971446127538446,0.7639581662379418,0.9003953960967143,1.199293625308113,26.150212049484253
Theatre District_Uber_UberXL.csv,ETS,6.00233061648234,0.767869804163184,0.9050056233771284,1.2060340384097825,0.0060002803802490234
Theatre District_Uber_WAV.csv,ARIMA,5.540699134624587,0.808512705462321,0.5227724534921034,0.6138644140196748,0.11478137969970703
Theatre District_Uber_WAV.csv,SES,5.3338826597711515,0.7783211399337128,0.5032510301681088,0.6063531796323927,0.004996538162231445
Theatre District_Uber_WAV.csv,TBATS,5.392701398753963,0.7868555994762632,0.5087692864974722,0.6058093182945186,17.27830696105957
Theatre District_Uber_WAV.csv,ETS,5.37940604411902,0.7849219912172637,0.5075190437655763,0.6055901459126173,0.005005836486816406
West End_Lyft_Lux Black XL.csv,ARIMA,2.9570943016508524,0.5867210851317145,0.9280336112869931,1.2083929073428294,0.10468816757202148
West End_Lyft_Lux Black XL.csv,SES,2.965449786969787,0.5883661782112809,0.9306357023149482,1.212790039298568,0.0039844512939453125
West End_Lyft_Lux Black XL.csv,TBATS,2.957121588196992,0.586726475087002,0.9280421367342576,1.2084160115143336,14.256179571151733
West End_Lyft_Lux Black XL.csv,ETS,2.9568414345753817,0.5866711457387649,0.9279546207131771,1.2080039471250381,0.003991365432739258
West End_Lyft_Lux Black.csv,ARIMA,4.8986611881616104,0.7444459939263032,1.098962952572444,1.3634361379617184,0.06296634674072266
West End_Lyft_Lux Black.csv,SES,4.932253885018143,0.7495168242863514,1.1064485925650533,1.3814660290767669,0.002995729446411133
West End_Lyft_Lux Black.csv,TBATS,4.932414253227292,0.7495402227711261,1.106483133778417,1.3810126832843885,13.777167558670044
West End_Lyft_Lux Black.csv,ETS,4.9304592361742134,0.7492465619217599,1.1060496269871822,1.380367930725752,0.003002166748046875
West End_Lyft_Lux.csv,ARIMA,5.938082890271549,0.7828568051650188,1.015337140778827,1.283253607491285,0.06999969482421875
West End_Lyft_Lux.csv,SES,6.029136261082396,0.7949485176811455,1.0310196573415535,1.293127058443447,0.0060062408447265625
West End_Lyft_Lux.csv,TBATS,5.856878990914482,0.7721247032367631,1.0014179902847782,1.2779409744013135,31.24892258644104
West End_Lyft_Lux.csv,ETS,6.119022184616864,0.8069313466312932,1.0465609558324316,1.3030147039967954,0.006002187728881836
West End_Lyft_Lyft XL.csv,ARIMA,4.777514953882443,0.6411331315373174,0.7055877757869349,0.8799595008075737,0.11700558662414551
West End_Lyft_Lyft XL.csv,SES,4.7775396729754425,0.6411329216132209,0.7055875447586678,0.8777283849163766,0.004004001617431641
West End_Lyft_Lyft XL.csv,TBATS,4.784291740584601,0.6420262949744495,0.706570731076594,0.8747488014870959,16.173842668533325
West End_Lyft_Lyft XL.csv,ETS,4.777511194072016,0.6411329216132209,0.7055875447586678,0.880146240694817,0.006000041961669922
West End_Lyft_Lyft.csv,ARIMA,5.429240762611204,0.8400686578277123,0.49890757164758903,0.6394748107432854,0.11951541900634766
West End_Lyft_Lyft.csv,SES,5.367323566715868,0.830265876681,0.49308580732900875,0.6346631574439017,0.0049915313720703125
West End_Lyft_Lyft.csv,TBATS,6.067624804750506,0.9421213784758962,0.5595155642969912,0.697851511555746,19.658105611801147
West End_Lyft_Lyft.csv,ETS,5.396348248679928,0.8348586074940725,0.49581337983850593,0.6368544715091472,0.006999015808105469
West End_Lyft_Shared.csv,ARIMA,7.169280964834495,0.6973425575256221,0.4273894691724062,0.5662147346928088,0.16972565650939941
West End_Lyft_Shared.csv,SES,7.270870235113419,0.7070184000478611,0.4333196295430123,0.5710827453683646,0.003997087478637695
West End_Lyft_Shared.csv,TBATS,7.281284394336557,0.7080088058714963,0.433926632535531,0.5716099465248794,13.631914138793945
West End_Lyft_Shared.csv,ETS,7.164580038940926,0.6968941784971863,0.4271146652429985,0.5660015084089045,0.0039539337158203125
West End_Uber_Black SUV.csv,ARIMA,2.759149116539822,0.7758161528933963,0.8268705072497079,1.0346649475844383,0.12600016593933105
West End_Uber_Black SUV.csv,SES,2.7465354658321743,0.7722783950953181,0.8230999392174315,1.0307795277852603,0.002964019775390625
West End_Uber_Black SUV.csv,TBATS,2.756922983671521,0.7751922804030745,0.8262055794048729,1.0340159813542578,21.65471887588501
West End_Uber_Black SUV.csv,ETS,2.760521466638578,0.7762006890615328,0.8272803486988928,1.0350908169460071,0.005001068115234375
West End_Uber_Black.csv,ARIMA,4.471298889606952,0.7257971812618029,0.9112223345255968,1.1333880912096561,0.07700014114379883
West End_Uber_Black.csv,SES,4.565256934426092,0.7410382141997954,0.9303571148373564,1.1452385679681687,0.0030052661895751953
West End_Uber_Black.csv,TBATS,4.473500451849321,0.7261550164567082,0.9116715887113324,1.1336648838138788,31.62317132949829
West End_Uber_Black.csv,ETS,4.414104532948606,0.7164848599245645,0.8995309207148973,1.1287168647572532,0.003966569900512695
West End_Uber_UberPool.csv,ARIMA,4.073315493921693,0.6654781143309583,0.35997975848313696,0.46895273285542605,0.16619610786437988
West End_Uber_UberPool.csv,SES,4.1584843067758355,0.6791142214725907,0.3673559928773064,0.4937713003232528,0.005048274993896484
West End_Uber_UberPool.csv,TBATS,4.076622534765883,0.666012779876579,0.36026897727160956,0.4712177971128844,24.151968717575073
West End_Uber_UberPool.csv,ETS,4.071111325940378,0.6651228385359504,0.3597875777154638,0.46808047189024615,0.003985881805419922
West End_Uber_UberX.csv,ARIMA,4.99522294695088,0.7727433290570591,0.4783500164627947,0.6237229867510522,0.12295007705688477
West End_Uber_UberX.csv,SES,5.451421429044209,0.8418728102558515,0.5211431241171282,0.676309812829514,0.004006624221801758
West End_Uber_UberX.csv,TBATS,5.077811577313942,0.7853584855401058,0.4861591557777981,0.6322088103128028,26.13489055633545
West End_Uber_UberX.csv,ETS,4.992412875902624,0.7723129023833507,0.47808357015557684,0.623381093927671,0.00799703598022461
West End_Uber_UberXL.csv,ARIMA,4.825422025931675,0.6968289816518191,0.7595484821786408,1.0504224620394842,0.1550137996673584
West End_Uber_UberXL.csv,SES,4.8085473525831235,0.6944460895383481,0.7569511130455545,1.0455166149659834,0.006000041961669922
West End_Uber_UberXL.csv,TBATS,4.891939658748563,0.7061973730048077,0.7697600945254037,1.0702352114274096,14.540242910385132
West End_Uber_UberXL.csv,ETS,4.82375230087226,0.6965932978156112,0.7592915851425253,1.0499257018446255,0.005990028381347656
West End_Uber_WAV.csv,ARIMA,3.589416077986514,0.5320688460363517,0.33987738082665825,0.4359948191250578,0.1750013828277588
West End_Uber_WAV.csv,SES,3.612249997212824,0.5354406002895659,0.34203120549222654,0.4439875949770219,0.004999399185180664
West End_Uber_WAV.csv,TBATS,3.589434308074773,0.5320681157344345,0.33987691432104583,0.4377075768310082,16.905661582946777
West End_Uber_WAV.csv,ETS,3.589409440586126,0.5320681157344345,0.33987691432104583,0.43600177707494026,0.007050514221191406
