Timestamp,Location,Provider,Service_Type,api_calls,clouds,distance_max,distance_mean,distance_min,humidity,price_max,price_mean,price_min,rain,surge_max,surge_mean,surge_min,temp,wind
2018-11-26 06:00:00+00:00,North End,Lyft,Lux Black,11.0,0.9906666666666668,2.95,1.757272727272727,1.13,0.9133333333333334,30.0,20.681818181818183,16.5,0.0,1.0,1.0,1.0,40.70000000000001,1.4220000000000002
2018-11-26 07:00:00+00:00,North End,Lyft,Lux Black,3.0,0.9575,1.8,1.4733333333333334,1.1,0.925,22.5,19.5,16.5,0.0,1.0,1.0,1.0,41.24,1.8975
2018-11-26 08:00:00+00:00,North End,Lyft,Lux Black,1.0,0.98,1.56,1.56,1.56,0.9233333333333332,22.5,22.5,22.5,0.0,1.0,1.0,1.0,40.99,1.3733333333333333
2018-11-26 09:00:00+00:00,North End,Lyft,Lux Black,11.0,1.0,2.46,1.7200000000000002,1.08,0.9275,27.5,20.5,16.5,0.0,1.0,1.0,1.0,40.9575,1.2925
2018-11-26 10:00:00+00:00,North End,Lyft,Lux Black,11.0,0.995,2.93,1.5981818181818184,1.02,0.94,27.5,20.954545454545453,16.5,0.0,1.25,1.0227272727272727,1.0,40.72,1.94
2018-11-26 11:00:00+00:00,North End,Lyft,Lux Black,12.0,0.955,2.89,1.6225000000000005,1.11,0.935,27.5,19.70833333333333,16.5,0.0,1.0,1.0,1.0,40.25,2.435
2018-11-26 12:00:00+00:00,North End,Lyft,Lux Black,10.0,0.94,1.62,1.218,1.0,0.94,22.5,18.3,16.5,0.0,1.0,1.0,1.0,40.335,2.92
2018-11-26 13:00:00+00:00,North End,Lyft,Lux Black,10.0,0.91,2.51,1.599,1.01,0.91,27.5,21.2,16.5,0.0026,1.25,1.025,1.0,42.085,3.605
2018-11-26 14:00:00+00:00,North End,Lyft,Lux Black,6.0,0.905,2.93,1.665,0.98,0.9,27.5,20.83333333333333,16.5,0.0035,1.0,1.0,1.0,42.92,3.04
2018-11-26 15:00:00+00:00,North End,Lyft,Lux Black,15.0,0.93,2.81,1.5513333333333332,1.09,0.895,27.5,20.166666666666668,16.5,0.0,1.0,1.0,1.0,43.885,4.27
2018-11-26 16:00:00+00:00,North End,Lyft,Lux Black,9.0,0.92,2.79,1.391111111111111,0.98,0.875,38.5,20.61111111111111,16.5,0.0,1.5,1.0555555555555556,1.0,44.98,5.155
2018-11-26 17:00:00+00:00,North End,Lyft,Lux Black,9.0,0.99,2.9,1.9611111111111104,1.13,0.86,30.0,22.11111111111111,16.5,0.0,1.0,1.0,1.0,45.465,6.38
2018-11-26 18:00:00+00:00,North End,Lyft,Lux Black,8.0,0.98,2.92,1.76875,1.01,0.88,27.5,21.3125,16.5,0.0,1.0,1.0,1.0,45.05,5.115
2018-11-26 19:00:00+00:00,North End,Lyft,Lux Black,19.0,0.94,3.46,1.7178947368421054,0.99,0.835,27.5,20.76315789473684,16.5,0.0,1.0,1.0,1.0,45.875,8.3
2018-11-26 20:00:00+00:00,North End,Lyft,Lux Black,16.0,0.925,2.96,1.36875,0.93,0.83,26.0,18.40625,16.5,0.0,1.0,1.0,1.0,45.24,8.815000000000001
2018-11-26 21:00:00+00:00,North End,Lyft,Lux Black,13.0,0.96,2.44,1.4146153846153844,0.99,0.85,32.5,20.03846153846154,16.5,0.0015,1.5,1.0769230769230769,1.0,44.73,9.39
2018-11-26 22:00:00+00:00,North End,Lyft,Lux Black,16.0,0.98,2.89,1.7462500000000003,1.08,0.868,30.0,21.125,16.5,0.02908,1.0,1.0,1.0,44.748000000000005,8.9
2018-11-26 23:00:00+00:00,North End,Lyft,Lux Black,24.0,0.98,2.97,1.6020833333333329,1.04,0.88,27.5,19.45833333333333,16.5,0.06835,1.0,1.0,1.0,44.45,9.715
2018-11-27 00:00:00+00:00,North End,Lyft,Lux Black,19.0,0.98125,2.9,1.510526315789474,0.99,0.90875,27.5,20.26315789473684,16.5,0.1430625,1.0,1.0,1.0,43.91375000000001,10.465
2018-11-27 01:00:00+00:00,North End,Lyft,Lux Black,26.0,0.99,3.47,1.9430769230769231,0.98,0.9025,30.0,22.51923076923077,16.5,0.359825,1.25,1.0096153846153846,1.0,44.175,11.580000000000002
2018-11-27 02:00:00+00:00,North End,Lyft,Lux Black,17.0,0.995,2.86,1.7888235294117647,1.02,0.895,27.5,20.529411764705884,16.5,0.12215,1.0,1.0,1.0,44.105,12.665
2018-11-27 03:00:00+00:00,North End,Lyft,Lux Black,21.0,0.995,2.91,1.4719047619047618,1.09,0.885,27.5,18.761904761904763,16.5,0.19435,1.0,1.0,1.0,44.625,14.19
2018-11-27 04:00:00+00:00,North End,Lyft,Lux Black,18.0,1.0,2.81,1.5772222222222223,0.99,0.895,27.5,20.416666666666668,16.5,0.04465,1.0,1.0,1.0,44.115,13.96
2018-11-27 05:00:00+00:00,North End,Lyft,Lux Black,14.0,1.0,3.43,1.862142857142857,1.08,0.9,27.5,20.785714285714285,16.5,0.0480666666666666,1.25,1.0178571428571428,1.0,43.76333333333333,12.933333333333335
2018-11-27 06:00:00+00:00,North End,Lyft,Lux Black,22.0,1.0,3.47,1.930909090909091,0.94,0.91,27.5,21.27272727272728,16.5,0.02035,1.0,1.0,1.0,44.22,12.39
2018-11-27 07:00:00+00:00,North End,Lyft,Lux Black,24.0,1.0,2.91,1.58,0.99,0.91,30.0,19.83333333333333,16.5,0.01215,1.25,1.0104166666666667,1.0,43.775,11.79
2018-11-27 08:00:00+00:00,North End,Lyft,Lux Black,15.0,1.0,2.86,1.5693333333333332,1.13,0.925,27.5,19.83333333333333,16.5,0.007,1.0,1.0,1.0,43.900000000000006,10.765
2018-11-27 09:00:00+00:00,North End,Lyft,Lux Black,18.0,1.0,2.44,1.5022222222222223,1.0,0.95,22.5,19.33333333333333,16.5,0.01485,1.0,1.0,1.0,44.370000000000005,9.515
2018-11-27 10:00:00+00:00,North End,Lyft,Lux Black,22.0,0.99,3.39,1.6354545454545455,1.0,0.96,27.5,20.318181818181817,16.5,0.02065,1.25,1.0113636363636365,1.0,44.84,6.32
2018-11-27 11:00:00+00:00,North End,Lyft,Lux Black,19.0,0.975,2.91,1.418421052631579,0.92,0.96,30.0,19.84210526315789,16.5,0.0,1.0,1.0,1.0,45.010000000000005,3.47
2018-11-27 12:00:00+00:00,North End,Lyft,Lux Black,25.0,0.985,3.46,1.8824000000000003,1.08,0.93,27.5,22.0,16.5,0.0,1.25,1.01,1.0,45.405,3.34
2018-11-27 13:00:00+00:00,North End,Lyft,Lux Black,25.0,0.955,3.39,1.6060000000000003,0.99,0.905,30.0,20.48,16.5,0.0,1.25,1.02,1.0,44.945,5.46
2018-11-27 14:00:00+00:00,North End,Lyft,Lux Black,14.0,0.965,3.48,1.76,0.99,0.895,30.0,21.607142857142858,16.5,0.0,1.5,1.0357142857142858,1.0,42.96,9.72
2018-11-27 15:00:00+00:00,North End,Lyft,Lux Black,20.0,1.0,2.9,1.906,1.1,0.875,32.5,21.6,16.5,0.0,1.25,1.0125,1.0,41.06,10.89
2018-11-27 16:00:00+00:00,North End,Lyft,Lux Black,19.0,0.96,2.89,1.510526315789474,0.98,0.83,26.0,19.55263157894737,16.5,0.0,1.0,1.0,1.0,40.845,11.92
2018-11-27 17:00:00+00:00,North End,Lyft,Lux Black,26.0,0.915,2.92,1.8138461538461537,1.09,0.795,30.0,21.115384615384617,16.5,0.0,1.25,1.0096153846153846,1.0,41.195,10.93
2018-11-27 18:00:00+00:00,North End,Lyft,Lux Black,11.0,0.83,2.92,1.726363636363636,0.99,0.755,30.0,21.13636363636364,16.5,0.0,1.0,1.0,1.0,41.61,11.775
2018-11-27 19:00:00+00:00,North End,Lyft,Lux Black,23.0,0.79,3.44,1.581304347826087,0.99,0.725,34.0,20.17391304347826,16.5,0.0,1.25,1.0108695652173914,1.0,42.635000000000005,9.33
2018-11-27 20:00:00+00:00,North End,Lyft,Lux Black,14.0,0.675,2.88,1.6292857142857142,1.01,0.71,30.0,20.214285714285715,16.5,0.0,1.0,1.0,1.0,43.01,8.61
2018-11-27 21:00:00+00:00,North End,Lyft,Lux Black,17.0,0.595,3.4,1.6764705882352942,0.98,0.7,30.0,20.764705882352946,16.5,0.0,1.0,1.0,1.0,42.14,9.38
2018-11-27 22:00:00+00:00,North End,Lyft,Lux Black,26.0,0.4,2.87,1.4903846153846154,0.98,0.705,27.5,19.01923076923077,16.5,0.0,1.5,1.0192307692307692,1.0,40.72,9.335
2018-11-27 23:00:00+00:00,North End,Lyft,Lux Black,19.0,0.185,2.96,1.5052631578947366,1.01,0.715,27.5,19.63157894736842,16.5,0.0,1.0,1.0,1.0,39.585,8.76
2018-11-28 00:00:00+00:00,North End,Lyft,Lux Black,19.0,0.085,2.91,1.6084210526315792,1.08,0.72,27.5,20.55263157894737,16.5,0.0,1.25,1.013157894736842,1.0,39.055,8.255
2018-11-28 01:00:00+00:00,North End,Lyft,Lux Black,3.0,,3.61,1.9966666666666668,1.13,,30.0,21.0,16.5,,1.0,1.0,1.0,,
2018-11-28 02:00:00+00:00,North End,Lyft,Lux Black,,,,,,,28.75,21.25,17.5,,,,,,
2018-11-28 03:00:00+00:00,North End,Lyft,Lux Black,,,,,,,27.5,21.5,18.5,,,,,,
2018-11-28 04:00:00+00:00,North End,Lyft,Lux Black,,,,,,,26.25,21.75,19.5,,,,,,
2018-11-28 05:00:00+00:00,North End,Lyft,Lux Black,,,,,,,25.0,22.0,20.5,,,,,,
2018-11-28 06:00:00+00:00,North End,Lyft,Lux Black,,,,,,,23.75,22.25,21.5,,,,,,
2018-11-28 07:00:00+00:00,North End,Lyft,Lux Black,3.0,0.2346153846153846,2.41,1.8166666666666669,1.5,0.7923076923076924,22.5,22.5,22.5,0.0,1.0,1.0,1.0,35.00692307692308,6.4007692307692325
2018-11-28 08:00:00+00:00,North End,Lyft,Lux Black,2.0,0.5,2.81,2.04,1.27,0.8000000000000002,27.5,22.0,16.5,0.0,1.0,1.0,1.0,34.63166666666667,5.6450000000000005
2018-11-28 09:00:00+00:00,North End,Lyft,Lux Black,23.0,0.30125,2.97,1.673913043478261,0.99,0.8362499999999999,27.5,20.847826086956523,16.5,0.0,1.0,1.0,1.0,33.42625,5.9625
2018-11-28 10:00:00+00:00,North End,Lyft,Lux Black,33.0,0.135,2.96,1.7572727272727275,0.99,0.835,27.5,20.83333333333333,16.5,0.0,1.0,1.0,1.0,33.18333333333333,5.739999999999999
2018-11-28 11:00:00+00:00,North End,Lyft,Lux Black,20.0,0.3633333333333333,2.95,1.6115,0.99,0.82,27.5,20.275,16.5,0.0,1.0,1.0,1.0,33.20666666666667,6.586666666666666
2018-11-28 12:00:00+00:00,North End,Lyft,Lux Black,24.0,0.7733333333333333,3.44,1.7579166666666672,1.01,0.7433333333333333,34.0,21.3125,16.5,0.0,1.5,1.0208333333333333,1.0,35.14666666666667,6.956666666666667
2018-11-28 13:00:00+00:00,North End,Lyft,Lux Black,35.0,0.6066666666666667,3.45,1.4899999999999995,0.93,0.6966666666666667,30.0,18.914285714285715,16.5,0.0,1.0,1.0,1.0,37.27666666666666,6.659999999999999
2018-11-28 14:00:00+00:00,North End,Lyft,Lux Black,32.0,0.4666666666666666,2.92,1.5196875,0.94,0.67,27.5,20.0625,16.5,0.0,1.25,1.0078125,1.0,38.60666666666666,11.25
2018-11-28 15:00:00+00:00,North End,Lyft,Lux Black,34.0,0.2833333333333334,3.44,1.5920588235294115,0.93,0.6533333333333333,27.5,19.72058823529412,16.5,0.0,1.25,1.0073529411764706,1.0,39.66,8.97
2018-11-28 16:00:00+00:00,North End,Lyft,Lux Black,44.0,0.65,3.66,1.6190909090909094,0.93,0.6233333333333334,32.5,20.03409090909091,16.5,0.0,1.0,1.0,1.0,41.19,10.07
2018-11-28 17:00:00+00:00,North End,Lyft,Lux Black,35.0,0.8933333333333334,2.91,1.6294285714285714,0.99,0.6333333333333333,30.0,20.142857142857142,16.5,0.0002666666666666,1.0,1.0,1.0,41.39333333333333,9.506666666666666
2018-11-28 18:00:00+00:00,North End,Lyft,Lux Black,35.0,0.9633333333333332,3.47,1.7754285714285711,1.02,0.6333333333333333,30.0,21.142857142857142,16.5,0.001,1.25,1.0214285714285714,1.0,41.336666666666666,9.846666666666666
2018-11-28 19:00:00+00:00,North End,Lyft,Lux Black,18.0,1.0,2.87,1.623888888888889,0.93,0.6466666666666666,27.5,21.08333333333333,16.5,0.0,1.0,1.0,1.0,40.88,9.696666666666664
2018-11-28 20:00:00+00:00,North End,Lyft,Lux Black,21.0,0.9866666666666668,2.89,1.7057142857142855,1.0,0.6466666666666666,27.5,20.38095238095238,16.5,0.0,1.0,1.0,1.0,40.97,9.72
2018-11-28 21:00:00+00:00,North End,Lyft,Lux Black,25.0,0.8724999999999999,2.79,1.6292,0.99,0.6375,30.0,19.9,16.5,0.0,1.0,1.0,1.0,40.775,9.285
2018-11-28 22:00:00+00:00,North End,Lyft,Lux Black,25.0,0.8766666666666666,2.82,1.6484,0.99,0.64,27.5,20.7,16.5,0.0,1.25,1.01,1.0,40.34666666666666,9.746666666666664
2018-11-28 23:00:00+00:00,North End,Lyft,Lux Black,33.0,0.8716666666666667,3.44,1.646060606060606,0.97,0.6566666666666667,30.0,20.348484848484848,16.5,0.0,1.25,1.0075757575757576,1.0,39.52,10.551666666666668
2018-11-29 00:00:00+00:00,North End,Lyft,Lux Black,44.0,0.7499999999999999,3.45,1.5863636363636362,0.99,0.6900000000000001,32.5,19.818181818181817,16.5,0.0,1.25,1.005681818181818,1.0,38.76714285714286,10.507142857142858
2018-11-29 01:00:00+00:00,North End,Lyft,Lux Black,33.0,0.613,2.9,1.5448484848484854,0.99,0.709,27.5,19.848484848484848,16.5,0.0002,1.0,1.0,1.0,38.484,10.257
2018-11-29 02:00:00+00:00,North End,Lyft,Lux Black,28.0,0.4485714285714287,3.62,1.9528571428571428,1.01,0.7057142857142856,30.0,21.321428571428573,16.5,0.0005857142857142,1.0,1.0,1.0,38.26428571428571,10.567142857142857
2018-11-29 03:00:00+00:00,North End,Lyft,Lux Black,23.0,0.4333333333333333,2.97,1.6191304347826083,0.98,0.7066666666666667,27.5,20.39130434782609,16.5,0.0,1.25,1.0108695652173914,1.0,37.71666666666667,11.183333333333332
2018-11-29 04:00:00+00:00,North End,Lyft,Lux Black,22.0,0.5122222222222221,3.73,1.7677272727272724,0.93,0.7066666666666667,30.0,21.34090909090909,16.5,0.0002111111111111,1.0,1.0,1.0,37.68333333333333,9.766666666666667
2018-11-29 05:00:00+00:00,North End,Lyft,Lux Black,6.0,0.47,2.43,1.586666666666667,1.0,0.7,22.5,20.5,16.5,0.0,1.0,1.0,1.0,38.0,10.16
2018-11-29 06:00:00+00:00,North End,Lyft,Lux Black,13.0,0.7714285714285714,3.44,1.5184615384615383,1.01,0.7000000000000001,30.0,19.07692307692308,16.5,0.0,1.0,1.0,1.0,37.82428571428572,10.247142857142856
2018-11-29 07:00:00+00:00,North End,Lyft,Lux Black,12.0,0.78,2.83,1.4258333333333333,1.09,0.69,22.5,18.75,16.5,0.0,1.0,1.0,1.0,38.1,9.93
2018-11-29 08:00:00+00:00,North End,Lyft,Lux Black,11.0,0.63,2.97,1.817272727272728,1.0,0.69,30.0,21.13636363636364,16.5,0.0,1.0,1.0,1.0,37.74,10.1
2018-11-29 09:00:00+00:00,North End,Lyft,Lux Black,7.0,0.55,2.94,1.81,1.12,0.7,27.5,21.142857142857142,16.5,0.0,1.0,1.0,1.0,36.7,9.52
2018-11-29 10:00:00+00:00,North End,Lyft,Lux Black,12.0,0.06,2.9,1.6583333333333334,1.0,0.7,27.5,20.08333333333333,16.5,0.0,1.0,1.0,1.0,36.82,8.95
2018-11-29 11:00:00+00:00,North End,Lyft,Lux Black,17.0,0.22,2.79,1.6482352941176468,1.0,0.68,26.0,19.73529411764705,16.5,0.0,1.0,1.0,1.0,37.34,8.8
2018-11-29 12:00:00+00:00,North End,Lyft,Lux Black,12.0,0.29,2.8,1.538333333333333,1.12,0.63,27.5,19.416666666666668,16.5,0.0,1.0,1.0,1.0,38.99,10.43
2018-11-29 13:00:00+00:00,North End,Lyft,Lux Black,14.0,0.11,2.48,1.4771428571428569,1.07,0.59,22.5,19.285714285714285,16.5,0.0027,1.0,1.0,1.0,40.99,10.51
2018-11-29 14:00:00+00:00,North End,Lyft,Lux Black,12.0,0.18,2.91,1.6558333333333335,1.0,0.57,30.0,20.83333333333333,16.5,0.0,1.0,1.0,1.0,41.91,10.43
2018-11-29 15:00:00+00:00,North End,Lyft,Lux Black,13.0,0.6,3.46,1.883846153846154,1.08,0.54,30.0,21.192307692307693,16.5,0.0,1.25,1.0192307692307692,1.0,43.59,11.4
2018-11-29 16:00:00+00:00,North End,Lyft,Lux Black,13.0,0.57,2.91,1.7415384615384617,1.09,0.53,30.0,20.923076923076923,16.5,0.0,1.0,1.0,1.0,44.06,11.7
2018-11-29 17:00:00+00:00,North End,Lyft,Lux Black,17.0,0.71,2.92,1.7011764705882353,1.12,0.52,30.0,20.88235294117647,16.5,0.0,1.0,1.0,1.0,44.17,11.3
2018-11-29 18:00:00+00:00,North End,Lyft,Lux Black,14.0,0.37,3.43,1.6542857142857137,1.08,0.53,34.0,20.785714285714285,16.5,0.0,1.25,1.0178571428571428,1.0,43.2,11.34
2018-11-29 19:00:00+00:00,North End,Lyft,Lux Black,7.0,0.58,1.74,1.268571428571429,1.12,0.54,22.5,18.214285714285715,16.5,0.0,1.0,1.0,1.0,42.48,10.84
2018-11-29 20:00:00+00:00,North End,Lyft,Lux Black,19.0,0.46,3.02,1.691578947368421,1.01,0.56,27.5,20.86842105263158,16.5,0.0,1.5,1.0263157894736843,1.0,41.83,10.28
2018-11-29 21:00:00+00:00,North End,Lyft,Lux Black,13.0,0.3299999999999999,2.84,1.4961538461538462,1.01,0.59,30.0,19.846153846153847,16.5,0.0,1.0,1.0,1.0,40.92,9.935
2018-11-29 22:00:00+00:00,North End,Lyft,Lux Black,9.0,0.2,1.94,1.42,1.02,0.6,22.5,18.83333333333333,16.5,0.0,1.0,1.0,1.0,39.66,8.8
2018-11-29 23:00:00+00:00,North End,Lyft,Lux Black,14.0,0.22,2.88,1.5885714285714283,0.98,0.62,30.0,20.035714285714285,16.5,0.0,1.0,1.0,1.0,38.94,8.24
2018-11-30 00:00:00+00:00,North End,Lyft,Lux Black,11.0,0.09,2.52,1.4872727272727273,1.0,0.64,27.5,19.863636363636363,16.5,0.0,1.25,1.0227272727272727,1.0,38.36,8.02
2018-11-30 01:00:00+00:00,North End,Lyft,Lux Black,13.0,0.04,3.43,1.763846153846154,1.0,0.66,30.0,21.192307692307693,16.5,0.0,1.25,1.0192307692307692,1.0,37.5,8.02
2018-11-30 02:00:00+00:00,North End,Lyft,Lux Black,11.0,0.0,2.84,1.4727272727272729,1.08,0.68,26.0,19.0,16.5,0.0,1.0,1.0,1.0,36.38,6.89
2018-11-30 03:00:00+00:00,North End,Lyft,Lux Black,5.0,0.06,1.94,1.496,1.09,0.69,22.5,20.7,16.5,0.0,1.0,1.0,1.0,35.9,5.67
2018-11-30 04:00:00+00:00,North End,Lyft,Lux Black,12.0,0.0,2.89,1.6566666666666665,0.98,0.7,30.0,21.08333333333333,16.5,0.0,1.0,1.0,1.0,35.11,5.26
2018-11-30 05:00:00+00:00,North End,Lyft,Lux Black,8.0,0.0,2.9,1.6375,0.93,0.73,26.0,20.3125,16.5,0.0,1.0,1.0,1.0,34.34,4.9
2018-11-30 06:00:00+00:00,North End,Lyft,Lux Black,7.0,0.0,2.97,1.7314285714285715,1.07,0.77,26.0,20.0,16.5,0.0,1.0,1.0,1.0,32.58,4.05
2018-11-30 07:00:00+00:00,North End,Lyft,Lux Black,14.0,0.0,2.8,1.4028571428571432,0.99,0.83,27.5,18.357142857142858,16.5,0.0,1.0,1.0,1.0,30.57,2.5
2018-11-30 08:00:00+00:00,North End,Lyft,Lux Black,17.0,0.0,3.44,1.814705882352941,1.09,0.84,34.0,21.11764705882353,16.5,0.0,1.25,1.0147058823529411,1.0,30.32,2.575
2018-11-30 09:00:00+00:00,North End,Lyft,Lux Black,18.0,0.03,2.94,1.8905555555555555,0.99,0.84,30.0,21.88888888888889,16.5,0.0,1.0,1.0,1.0,29.84,3.31
2018-11-30 10:00:00+00:00,North End,Lyft,Lux Black,12.0,0.05,2.91,1.4841666666666666,1.09,0.85,27.5,19.83333333333333,16.5,0.0,1.0,1.0,1.0,29.58,3.31
2018-11-30 11:00:00+00:00,North End,Lyft,Lux Black,12.0,0.05,3.54,1.626666666666667,0.99,0.84,38.5,21.166666666666668,16.5,0.0,1.5,1.0416666666666667,1.0,29.91,3.17
2018-11-30 12:00:00+00:00,North End,Lyft,Lux Black,20.0,0.03,2.8,1.4865,1.0,0.81,30.0,19.3,16.5,0.0,1.0,1.0,1.0,30.75,3.06
2018-11-30 13:00:00+00:00,North End,Lyft,Lux Black,11.0,0.05,2.51,1.723636363636364,1.1,0.79,26.0,21.77272727272728,16.5,0.0,1.0,1.0,1.0,33.11,1.97
2018-11-30 14:00:00+00:00,North End,Lyft,Lux Black,9.0,0.11,2.92,1.5366666666666666,0.9,0.68,27.5,20.11111111111111,16.5,0.0,1.0,1.0,1.0,37.85,2.7
2018-11-30 15:00:00+00:00,North End,Lyft,Lux Black,14.0,0.17,3.51,1.9928571428571429,0.91,0.68,30.0,21.964285714285715,16.5,0.0,1.0,1.0,1.0,38.38,2.94
2018-11-30 16:00:00+00:00,North End,Lyft,Lux Black,5.0,0.14,2.64,1.842,0.93,0.57,27.5,21.7,19.5,0.0,1.25,1.05,1.0,41.8,2.7
2018-11-30 17:00:00+00:00,North End,Lyft,Lux Black,8.0,0.72,2.93,1.5799999999999998,1.13,0.57,22.5,19.125,16.5,0.0,1.0,1.0,1.0,42.23,2.95
2018-11-30 18:00:00+00:00,North End,Lyft,Lux Black,12.0,0.87,2.52,1.5233333333333334,1.0,0.59,26.0,18.791666666666668,16.5,0.0,1.0,1.0,1.0,41.19,1.41
2018-11-30 19:00:00+00:00,North End,Lyft,Lux Black,8.0,1.0,3.41,1.8975,1.07,0.61,27.5,20.5625,16.5,0.0,1.0,1.0,1.0,40.26,3.79
2018-11-30 20:00:00+00:00,North End,Lyft,Lux Black,12.0,1.0,3.46,1.78,1.0,0.64,27.5,21.125,16.5,0.0,1.0,1.0,1.0,39.42,3.49
2018-11-30 21:00:00+00:00,North End,Lyft,Lux Black,16.0,0.93,3.57,1.58,1.0,0.63,30.0,20.84375,16.5,0.0,1.0,1.0,1.0,39.41,2.66
2018-11-30 22:00:00+00:00,North End,Lyft,Lux Black,15.0,0.96,1.77,1.4193333333333331,1.16,0.65,22.5,19.1,16.5,0.0,1.0,1.0,1.0,38.65,3.13
2018-11-30 23:00:00+00:00,North End,Lyft,Lux Black,8.0,0.95,2.79,1.5099999999999998,1.12,0.66,27.5,18.625,16.5,0.0,1.0,1.0,1.0,37.88,3.7
2018-12-01 00:00:00+00:00,North End,Lyft,Lux Black,9.0,0.93,2.92,1.7666666666666666,1.17,0.67,27.5,20.944444444444443,16.5,0.002,1.0,1.0,1.0,37.45,3.18
2018-12-01 01:00:00+00:00,North End,Lyft,Lux Black,18.0,0.91,3.44,1.6516666666666666,0.99,0.68,30.0,20.52777777777778,16.5,0.0,1.0,1.0,1.0,36.6,4.02
2018-12-01 02:00:00+00:00,North End,Lyft,Lux Black,18.0,0.875,3.5,1.548888888888889,0.99,0.6975,27.5,19.58333333333333,16.5,0.0,1.0,1.0,1.0,36.375,4.0600000000000005
2018-12-01 03:00:00+00:00,North End,Lyft,Lux Black,16.0,0.81,2.94,1.541875,1.0,0.74,27.5,19.8125,16.5,0.0,1.25,1.015625,1.0,35.47,3.53
2018-12-01 04:00:00+00:00,North End,Lyft,Lux Black,7.0,0.83,1.94,1.2814285714285716,0.99,0.76,19.5,17.357142857142858,16.5,0.0,1.0,1.0,1.0,34.4,3.8
2018-12-01 05:00:00+00:00,North End,Lyft,Lux Black,14.0,0.74,2.92,1.7578571428571428,1.09,0.78,26.0,21.5,16.5,0.0,1.0,1.0,1.0,33.65,3.3
2018-12-01 06:00:00+00:00,North End,Lyft,Lux Black,17.0,0.69,3.43,1.5423529411764707,0.98,0.78,30.0,20.823529411764707,16.5,0.0,1.5,1.0441176470588236,1.0,33.54,3.9
2018-12-01 07:00:00+00:00,North End,Lyft,Lux Black,12.0,0.78,2.87,1.6458333333333333,1.02,0.79,26.0,20.041666666666668,16.5,0.0,1.0,1.0,1.0,33.57,3.55
2018-12-01 08:00:00+00:00,North End,Lyft,Lux Black,11.0,0.84,2.8,1.6672727272727277,1.1,0.79,27.5,20.40909090909091,16.5,0.0,1.0,1.0,1.0,33.33,4.39
2018-12-01 09:00:00+00:00,North End,Lyft,Lux Black,12.0,0.88,2.9,1.62,0.93,0.79,27.5,20.20833333333333,16.5,0.0,1.0,1.0,1.0,32.86,4.24
2018-12-01 10:00:00+00:00,North End,Lyft,Lux Black,12.0,0.52,2.9,1.41,0.93,0.8,27.5,18.416666666666668,16.5,0.0,1.0,1.0,1.0,32.14,4.67
2018-12-01 11:00:00+00:00,North End,Lyft,Lux Black,10.0,0.4,1.94,1.4650000000000003,0.99,0.79,22.5,19.5,16.5,0.0,1.0,1.0,1.0,32.62,4.35
2018-12-01 12:00:00+00:00,North End,Lyft,Lux Black,15.0,0.32,1.83,1.3213333333333332,0.93,0.79,22.5,18.5,16.5,0.0,1.0,1.0,1.0,33.33,4.89
2018-12-01 13:00:00+00:00,North End,Lyft,Lux Black,14.0,0.43,2.96,1.7285714285714289,1.09,0.73,27.5,21.178571428571427,16.5,0.0,1.0,1.0,1.0,35.55,5.58
2018-12-01 14:00:00+00:00,North End,Lyft,Lux Black,5.0,0.54,2.52,2.112,1.23,0.67,38.5,26.5,16.5,0.0,1.75,1.15,1.0,37.67,4.9
2018-12-01 15:00:00+00:00,North End,Lyft,Lux Black,5.0,0.11,2.96,2.018,1.15,0.61,30.0,22.0,16.5,0.0,1.0,1.0,1.0,39.92,3.37
2018-12-01 16:00:00+00:00,North End,Lyft,Lux Black,6.0,0.47,1.78,1.335,1.14,0.58,27.5,20.33333333333333,16.5,0.0,1.5,1.0833333333333333,1.0,41.35,2.23
2018-12-01 17:00:00+00:00,North End,Lyft,Lux Black,15.0,0.5,1.75,1.3019999999999998,0.99,0.57,22.5,18.5,16.5,0.0,1.0,1.0,1.0,42.41,0.97
2018-12-01 18:00:00+00:00,North End,Lyft,Lux Black,14.0,0.45,3.43,1.6664285714285714,1.01,0.57,34.0,20.892857142857142,16.5,0.0,1.5,1.0357142857142858,1.0,42.41,0.95
2018-12-01 19:00:00+00:00,North End,Lyft,Lux Black,13.0,0.75,3.65,1.8384615384615384,1.08,0.57,32.5,21.192307692307693,16.5,0.0,1.0,1.0,1.0,42.79,1.69
2018-12-01 20:00:00+00:00,North End,Lyft,Lux Black,13.0,0.63,2.9,1.825384615384616,1.01,0.63,27.5,21.26923076923077,16.5,0.0,1.0,1.0,1.0,40.96,1.77
2018-12-01 21:00:00+00:00,North End,Lyft,Lux Black,10.0,0.56,2.87,1.717,1.08,0.65,27.5,21.25,16.5,0.0,1.0,1.0,1.0,39.88,2.64
2018-12-01 22:00:00+00:00,North End,Lyft,Lux Black,9.0,0.53,2.52,1.4655555555555555,1.11,0.71,26.0,19.55555555555556,16.5,0.0,1.0,1.0,1.0,37.99,2.3
2018-12-01 23:00:00+00:00,North End,Lyft,Lux Black,5.0,0.4,2.9,1.952,0.99,0.76,27.5,22.7,16.5,0.0,1.0,1.0,1.0,36.82,2.53
2018-12-02 00:00:00+00:00,North End,Lyft,Lux Black,13.0,0.2,2.52,1.4800000000000002,1.12,0.78,26.0,18.846153846153847,16.5,0.0,1.0,1.0,1.0,35.72,1.87
2018-12-02 01:00:00+00:00,North End,Lyft,Lux Black,11.0,0.19,2.91,1.66,1.09,0.81,30.0,20.863636363636363,16.5,0.0,1.0,1.0,1.0,35.83,1.36
2018-12-02 02:00:00+00:00,North End,Lyft,Lux Black,6.0,0.52,1.83,1.3833333333333335,1.07,0.81,22.5,19.5,16.5,0.0,1.0,1.0,1.0,36.07,1.65
2018-12-02 03:00:00+00:00,North End,Lyft,Lux Black,5.0,0.38,2.93,1.59,1.11,0.81,30.0,21.0,16.5,0.0,1.0,1.0,1.0,36.8,0.3
2018-12-02 04:00:00+00:00,North End,Lyft,Lux Black,8.0,0.9,1.92,1.34125,0.99,0.84,22.5,18.375,16.5,0.0,1.0,1.0,1.0,36.67,1.04
2018-12-02 05:00:00+00:00,North End,Lyft,Lux Black,17.0,0.83,3.45,1.4111764705882353,0.99,0.85,30.0,19.058823529411764,16.5,0.0,1.0,1.0,1.0,37.1,1.61
2018-12-02 06:00:00+00:00,North End,Lyft,Lux Black,6.0,1.0,1.53,1.3116666666666668,1.1,0.83,22.5,18.5,16.5,0.0,1.0,1.0,1.0,38.46,2.8
2018-12-02 07:00:00+00:00,North End,Lyft,Lux Black,7.0,1.0,2.89,1.5699999999999998,1.0,0.86,27.5,20.642857142857142,16.5,0.0201,1.0,1.0,1.0,38.09,1.98
2018-12-02 08:00:00+00:00,North End,Lyft,Lux Black,11.0,1.0,2.92,1.7509090909090907,0.99,0.86,27.5,21.13636363636364,16.5,0.0325,1.25,1.0227272727272727,1.0,39.33,4.1
2018-12-02 09:00:00+00:00,North End,Lyft,Lux Black,14.0,1.0,3.48,1.61,1.08,0.91,30.0,20.464285714285715,16.5,0.0051,1.0,1.0,1.0,38.64,3.07
2018-12-02 10:00:00+00:00,North End,Lyft,Lux Black,14.0,0.99,2.86,1.7421428571428574,0.99,0.92,27.5,21.107142857142858,16.5,0.037,1.0,1.0,1.0,39.08,5.3
2018-12-02 11:00:00+00:00,North End,Lyft,Lux Black,10.0,1.0,2.96,1.764,1.12,0.92,27.5,21.45,16.5,0.0302,1.0,1.0,1.0,39.57,5.44
2018-12-02 12:00:00+00:00,North End,Lyft,Lux Black,16.0,1.0,3.47,1.601875,0.99,0.92,30.0,20.28125,16.5,0.0313,1.0,1.0,1.0,41.48,8.62
2018-12-02 13:00:00+00:00,North End,Lyft,Lux Black,8.0,1.0,2.51,1.7724999999999995,1.15,0.93,30.0,20.8125,16.5,0.025,1.0,1.0,1.0,42.73,7.64
2018-12-02 14:00:00+00:00,North End,Lyft,Lux Black,10.0,1.0,1.91,1.344,0.99,0.94,22.5,18.6,16.5,0.009,1.0,1.0,1.0,43.65,6.78
2018-12-02 15:00:00+00:00,North End,Lyft,Lux Black,14.0,1.0,3.44,1.7292857142857143,0.99,0.94,27.5,20.428571428571427,16.5,0.003,1.0,1.0,1.0,45.03,6.4
2018-12-02 16:00:00+00:00,North End,Lyft,Lux Black,9.0,1.0,1.93,1.5355555555555551,1.1,0.94,22.5,20.166666666666668,16.5,0.0021,1.0,1.0,1.0,46.4,7.17
2018-12-02 17:00:00+00:00,North End,Lyft,Lux Black,10.0,1.0,1.89,1.3720000000000003,0.99,0.96,22.5,19.2,16.5,0.0049,1.0,1.0,1.0,47.42,5.3
2018-12-02 18:00:00+00:00,North End,Lyft,Lux Black,12.0,0.99,3.45,2.075833333333333,0.99,0.94,27.5,22.166666666666668,16.5,0.003,1.25,1.0208333333333333,1.0,48.33,4.14
2018-12-02 19:00:00+00:00,North End,Lyft,Lux Black,13.0,1.0,2.55,1.4723076923076923,0.94,0.92,27.5,20.115384615384617,16.5,0.0,1.0,1.0,1.0,50.48,2.44
2018-12-02 20:00:00+00:00,North End,Lyft,Lux Black,16.0,1.0,2.94,1.729375,1.0,0.93,30.0,21.34375,16.5,0.0,1.0,1.0,1.0,51.25,3.64
2018-12-02 21:00:00+00:00,North End,Lyft,Lux Black,10.0,1.0,2.9,1.5799999999999996,0.99,0.93,27.5,19.6,16.5,0.0,1.0,1.0,1.0,50.81,3.96
2018-12-02 22:00:00+00:00,North End,Lyft,Lux Black,11.0,1.0,2.89,1.7909090909090912,1.01,0.92,26.0,20.681818181818183,16.5,0.0,1.0,1.0,1.0,50.53,4.07
2018-12-02 23:00:00+00:00,North End,Lyft,Lux Black,12.0,1.0,2.43,1.5175,1.15,0.94,22.5,18.75,16.5,0.0,1.0,1.0,1.0,48.13,4.02
2018-12-03 00:00:00+00:00,North End,Lyft,Lux Black,10.0,1.0,3.43,1.781,1.06,0.93,27.5,21.05,16.5,0.0,1.0,1.0,1.0,48.76,2.63
2018-12-03 01:00:00+00:00,North End,Lyft,Lux Black,12.0,0.99,3.64,1.5575,1.0,0.93,32.5,20.125,16.5,0.0,1.5,1.0625,1.0,47.77,1.89
2018-12-03 02:00:00+00:00,North End,Lyft,Lux Black,9.0,0.98,3.41,1.975555555555556,1.13,0.94,27.5,22.33333333333333,16.5,0.0,1.0,1.0,1.0,47.28,3.63
2018-12-03 03:00:00+00:00,North End,Lyft,Lux Black,10.0,0.94,2.88,1.7279999999999998,1.13,0.93,27.5,20.65,16.5,0.0,1.25,1.025,1.0,46.79,2.9
2018-12-03 04:00:00+00:00,North End,Lyft,Lux Black,11.0,0.86,2.81,1.5572727272727271,1.02,0.94,30.0,19.363636363636363,16.5,0.0,1.0,1.0,1.0,46.89,2.72
2018-12-03 05:00:00+00:00,North End,Lyft,Lux Black,12.0,0.92,2.52,1.3525,0.91,0.95,27.5,18.416666666666668,16.5,0.0,1.0,1.0,1.0,44.79,2.26
2018-12-03 06:00:00+00:00,North End,Lyft,Lux Black,15.0,0.89,3.62,1.5593333333333332,1.0,0.96,27.5,21.1,16.5,0.0,1.25,1.0333333333333334,1.0,44.77,1.53
2018-12-03 07:00:00+00:00,North End,Lyft,Lux Black,7.0,0.78,3.48,1.5842857142857143,0.94,0.96,30.0,19.714285714285715,16.5,0.0,1.0,1.0,1.0,44.48,3.55
2018-12-03 08:00:00+00:00,North End,Lyft,Lux Black,10.0,0.92,2.84,1.88,1.09,0.94,27.5,21.1,16.5,0.0,1.0,1.0,1.0,45.44,2.86
2018-12-03 09:00:00+00:00,North End,Lyft,Lux Black,8.0,0.88,2.9,1.61375,1.15,0.94,27.5,20.5,16.5,0.0,1.0,1.0,1.0,45.53,1.38
2018-12-03 10:00:00+00:00,North End,Lyft,Lux Black,10.0,0.92,3.47,1.805,1.02,0.93,32.5,21.35,16.5,0.0,1.0,1.0,1.0,46.3,2.51
2018-12-03 11:00:00+00:00,North End,Lyft,Lux Black,13.0,0.98,3.47,1.596923076923077,1.11,0.92,38.5,20.423076923076923,16.5,0.0,1.25,1.0192307692307692,1.0,47.5,3.53
2018-12-03 12:00:00+00:00,North End,Lyft,Lux Black,9.0,0.89,2.51,1.6744444444444444,1.03,0.92,26.0,21.55555555555556,16.5,0.0115,1.0,1.0,1.0,49.38,4.5
2018-12-03 13:00:00+00:00,North End,Lyft,Lux Black,10.0,0.76,2.49,1.4290000000000005,0.98,0.89,27.5,19.4,16.5,0.0,1.0,1.0,1.0,50.83,6.2
2018-12-03 14:00:00+00:00,North End,Lyft,Lux Black,13.0,0.74,2.79,1.7892307692307694,1.02,0.86,30.0,21.57692307692308,16.5,0.0,1.0,1.0,1.0,52.75,6.66
2018-12-03 15:00:00+00:00,North End,Lyft,Lux Black,11.0,0.62,3.47,1.7736363636363637,1.1,0.79,34.0,21.227272727272727,16.5,0.0,1.25,1.0454545454545454,1.0,54.82,7.45
2018-12-03 16:00:00+00:00,North End,Lyft,Lux Black,14.0,0.48,2.94,1.8514285714285712,1.03,0.68,27.5,20.714285714285715,16.5,0.0,1.0,1.0,1.0,55.29,16.15
2018-12-03 17:00:00+00:00,North End,Lyft,Lux Black,8.0,0.65,2.8,1.9575,1.12,0.63,27.5,22.0625,16.5,0.0,1.0,1.0,1.0,54.28,13.5
2018-12-03 18:00:00+00:00,North End,Lyft,Lux Black,13.0,0.85,2.93,1.5,1.01,0.54,27.5,19.884615384615383,16.5,0.0,1.0,1.0,1.0,53.11,9.91
2018-12-03 19:00:00+00:00,North End,Lyft,Lux Black,16.0,0.67,2.92,1.6925,0.99,0.52,27.5,21.25,16.5,0.0,1.25,1.015625,1.0,51.94,8.11
2018-12-03 20:00:00+00:00,North End,Lyft,Lux Black,10.0,0.7,2.79,1.3449999999999998,0.93,0.56,27.5,18.8,16.5,0.0,1.25,1.025,1.0,50.77,6.86
2018-12-03 21:00:00+00:00,North End,Lyft,Lux Black,12.0,0.4,2.89,1.596666666666667,1.02,0.52,27.5,20.416666666666668,16.5,0.0031,1.0,1.0,1.0,49.97,7.6
2018-12-03 22:00:00+00:00,North End,Lyft,Lux Black,12.0,0.18,2.91,1.5774999999999997,0.89,0.54,26.0,20.08333333333333,16.5,0.0,1.0,1.0,1.0,48.1,10.76
2018-12-03 23:00:00+00:00,North End,Lyft,Lux Black,13.0,0.05,2.89,1.4607692307692308,1.08,0.56,27.5,18.96153846153846,16.5,0.0,1.0,1.0,1.0,46.93,8.75
2018-12-04 00:00:00+00:00,North End,Lyft,Lux Black,12.0,0.08,2.57,1.4566666666666668,1.0,0.59,30.0,20.45833333333333,16.5,0.0,1.5,1.0625,1.0,46.02,6.21
2018-12-04 01:00:00+00:00,North End,Lyft,Lux Black,14.0,0.04,3.48,1.6714285714285717,1.01,0.6,30.0,20.535714285714285,16.5,0.0,1.0,1.0,1.0,45.75,7.84
2018-12-04 02:00:00+00:00,North End,Lyft,Lux Black,10.0,0.25,3.5,1.895,1.11,0.63,30.0,21.05,16.5,0.0,1.0,1.0,1.0,44.96,8.43
2018-12-04 03:00:00+00:00,North End,Lyft,Lux Black,13.0,0.53,2.78,1.5523076923076924,1.0,0.62,26.0,19.53846153846154,16.5,0.0,1.25,1.0192307692307692,1.0,43.91,7.33
2018-12-04 04:00:00+00:00,North End,Lyft,Lux Black,12.0,0.52,3.46,1.9608333333333337,1.11,0.64,30.0,21.20833333333333,16.5,0.0,1.0,1.0,1.0,41.56,8.12
2018-12-04 05:00:00+00:00,North End,Lyft,Lux Black,10.0,0.57,2.39,1.533,1.09,0.64,22.5,20.1,16.5,0.0,1.0,1.0,1.0,39.59,8.17
2018-12-04 06:00:00+00:00,North End,Lyft,Lux Black,8.0,,3.45,2.08375,1.1,,30.0,21.8125,16.5,,1.0,1.0,1.0,,
2018-12-04 07:00:00+00:00,North End,Lyft,Lux Black,,,,,,,27.5,20.423076923076923,16.5,,,,,,
2018-12-04 08:00:00+00:00,North End,Lyft,Lux Black,6.0,0.08,3.45,1.5649999999999995,1.01,0.4599999999999999,30.0,19.75,16.5,0.0,1.0,1.0,1.0,24.42,5.53
2018-12-04 09:00:00+00:00,North End,Lyft,Lux Black,13.0,0.05,2.54,1.4423076923076923,1.02,0.475,26.0,19.07692307692308,16.5,0.0,1.25,1.0192307692307692,1.0,23.095,4.51
2018-12-04 10:00:00+00:00,North End,Lyft,Lux Black,9.0,0.07,3.47,1.8344444444444443,1.11,0.51,30.0,20.61111111111111,16.5,0.0,1.0,1.0,1.0,22.26,5.11
2018-12-04 11:00:00+00:00,North End,Lyft,Lux Black,12.0,0.29,1.93,1.3316666666666668,0.98,0.56,22.5,19.25,16.5,0.0,1.25,1.0208333333333333,1.0,21.25,5.03
2018-12-04 12:00:00+00:00,North End,Lyft,Lux Black,11.0,0.51,2.89,2.01,1.08,0.59,27.5,22.09090909090909,16.5,0.0,1.0,1.0,1.0,20.64,3.68
2018-12-04 13:00:00+00:00,North End,Lyft,Lux Black,6.0,0.62,2.91,1.6033333333333335,1.0,0.61,26.0,19.58333333333333,16.5,0.0,1.0,1.0,1.0,20.21,3.81
2018-12-04 14:00:00+00:00,North End,Lyft,Lux Black,13.0,0.39,2.83,1.7407692307692304,1.11,0.64,27.5,21.03846153846154,16.5,0.0,1.0,1.0,1.0,20.12,3.94
2018-12-04 15:00:00+00:00,North End,Lyft,Lux Black,9.0,0.43,2.81,1.8066666666666664,1.07,0.64,30.0,21.61111111111111,16.5,0.0,1.0,1.0,1.0,20.12,3.88
2018-12-04 16:00:00+00:00,North End,Lyft,Lux Black,8.0,0.45,1.87,1.35625,0.98,0.63,22.5,18.75,16.5,0.0,1.0,1.0,1.0,20.32,2.91
2018-12-04 17:00:00+00:00,North End,Lyft,Lux Black,14.0,0.3,3.46,1.7392857142857143,1.12,0.62,27.5,20.571428571428573,16.5,0.0,1.0,1.0,1.0,20.53,3.13
2018-12-04 18:00:00+00:00,North End,Lyft,Lux Black,10.0,0.19,2.87,1.5959999999999996,1.01,0.6,27.5,19.7,16.5,0.0,1.0,1.0,1.0,21.39,2.9
2018-12-04 19:00:00+00:00,North End,Lyft,Lux Black,7.0,0.32,2.93,1.705714285714286,1.15,0.61,26.0,20.857142857142858,16.5,0.0,1.0,1.0,1.0,23.89,3.03
2018-12-04 20:00:00+00:00,North End,Lyft,Lux Black,10.0,0.52,3.47,2.19,1.14,0.58,30.0,23.15,16.5,0.0,1.0,1.0,1.0,26.28,2.85
2018-12-04 21:00:00+00:00,North End,Lyft,Lux Black,11.0,0.25,2.81,1.4681818181818185,1.0,0.56,27.5,19.40909090909091,16.5,0.0,1.0,1.0,1.0,28.65,2.15
2018-12-04 22:00:00+00:00,North End,Lyft,Lux Black,9.0,0.53,2.93,1.5233333333333334,0.98,0.55,27.5,19.11111111111111,16.5,0.0,1.0,1.0,1.0,31.79,2.08
2018-12-04 23:00:00+00:00,North End,Lyft,Lux Black,9.0,0.69,3.5,1.8833333333333333,0.98,0.56,27.5,20.77777777777778,16.5,0.0,1.0,1.0,1.0,32.31,2.38
2018-12-05 00:00:00+00:00,North End,Lyft,Lux Black,13.0,0.51,3.49,1.8492307692307688,1.1,0.57,30.0,21.76923076923077,16.5,0.0,1.0,1.0,1.0,32.75,1.9
2018-12-05 01:00:00+00:00,North End,Lyft,Lux Black,14.0,0.58,2.9,1.4221428571428572,1.03,0.62,27.5,19.0,16.5,0.0,1.0,1.0,1.0,32.21,1.45
2018-12-05 02:00:00+00:00,North End,Lyft,Lux Black,17.0,0.76,2.96,1.6588235294117646,1.08,0.63,27.5,20.176470588235293,16.5,0.0,1.0,1.0,1.0,31.66,2.06
2018-12-05 03:00:00+00:00,North End,Lyft,Lux Black,9.0,0.84,2.91,1.6355555555555554,1.07,0.64,26.0,20.22222222222222,16.5,0.0,1.0,1.0,1.0,31.42,2.33
2018-12-05 04:00:00+00:00,North End,Lyft,Lux Black,11.0,0.54,2.81,1.4318181818181817,0.96,0.66,27.5,18.59090909090909,16.5,0.0,1.0,1.0,1.0,30.85,2.09
2018-12-05 05:00:00+00:00,North End,Lyft,Lux Black,13.0,0.69,2.92,1.479230769230769,1.0,0.68,30.0,19.846153846153847,16.5,0.0,1.0,1.0,1.0,30.07,1.98
2018-12-05 06:00:00+00:00,North End,Lyft,Lux Black,12.0,0.79,3.44,1.7725,1.02,0.68,30.0,21.20833333333333,16.5,0.0,1.25,1.0208333333333333,1.0,30.26,2.3
2018-12-05 07:00:00+00:00,North End,Lyft,Lux Black,12.0,0.59,3.42,1.575,1.09,0.69,30.0,19.541666666666668,16.5,0.0,1.5,1.0416666666666667,1.0,30.1,1.98
2018-12-05 08:00:00+00:00,North End,Lyft,Lux Black,10.0,0.68,3.44,2.1670000000000003,1.0,0.71,30.0,22.8,16.5,0.0,1.0,1.0,1.0,29.92,1.94
2018-12-05 09:00:00+00:00,North End,Lyft,Lux Black,7.0,0.71,2.51,1.3985714285714284,1.09,0.71,22.5,18.214285714285715,16.5,0.0,1.0,1.0,1.0,29.99,1.63
2018-12-05 10:00:00+00:00,North End,Lyft,Lux Black,16.0,0.6,3.43,1.9075,1.02,0.73,30.0,21.78125,16.5,0.0,1.0,1.0,1.0,29.4,1.44
2018-12-05 11:00:00+00:00,North End,Lyft,Lux Black,9.0,0.59,3.43,2.087777777777778,1.01,0.73,27.5,22.83333333333333,16.5,0.0,1.25,1.0277777777777777,1.0,29.38,0.83
2018-12-05 12:00:00+00:00,North End,Lyft,Lux Black,12.0,0.34,2.79,1.5733333333333333,0.99,0.77,27.5,19.95833333333333,16.5,0.0,1.0,1.0,1.0,28.16,2.49
2018-12-05 13:00:00+00:00,North End,Lyft,Lux Black,11.0,0.52,3.47,1.831818181818182,0.94,0.77,26.0,20.40909090909091,16.5,0.0,1.0,1.0,1.0,28.62,3.24
2018-12-05 14:00:00+00:00,North End,Lyft,Lux Black,10.0,0.45,2.97,1.6619999999999997,0.99,0.81,27.5,20.2,16.5,0.0,1.0,1.0,1.0,26.76,2.41
2018-12-05 15:00:00+00:00,North End,Lyft,Lux Black,15.0,0.21,3.6,1.932,1.03,0.81,32.5,21.966666666666665,16.5,0.0,1.0,1.0,1.0,27.02,3.18
2018-12-05 16:00:00+00:00,North End,Lyft,Lux Black,14.0,0.15,2.94,1.8657142857142857,0.99,0.81,30.0,22.392857142857142,16.5,0.0,1.0,1.0,1.0,27.43,3.05
2018-12-05 17:00:00+00:00,North End,Lyft,Lux Black,9.0,0.13,2.54,1.4944444444444445,1.13,0.8,27.5,19.38888888888889,16.5,0.0,1.0,1.0,1.0,28.69,2.44
2018-12-05 18:00:00+00:00,North End,Lyft,Lux Black,10.0,0.27,2.88,1.718,1.02,0.79,27.5,20.5,16.5,0.0,1.0,1.0,1.0,30.56,3.36
2018-12-05 19:00:00+00:00,North End,Lyft,Lux Black,13.0,0.17,3.45,1.8292307692307697,1.02,0.78,27.5,20.923076923076923,16.5,0.0,1.0,1.0,1.0,33.21,3.33
2018-12-05 20:00:00+00:00,North End,Lyft,Lux Black,7.0,0.21,2.49,1.5057142857142858,1.07,0.66,27.5,20.285714285714285,16.5,0.0,1.5,1.0714285714285714,1.0,39.33,3.22
2018-12-05 21:00:00+00:00,North End,Lyft,Lux Black,4.0,0.26,1.85,1.3825,0.9,0.66,19.5,18.0,16.5,0.0,1.0,1.0,1.0,41.14,4.31
2018-12-05 22:00:00+00:00,North End,Lyft,Lux Black,10.0,0.5,2.92,1.668,0.89,0.62,27.5,20.85,16.5,0.0,1.0,1.0,1.0,43.83,3.78
2018-12-05 23:00:00+00:00,North End,Lyft,Lux Black,10.0,0.18,2.55,1.4250000000000005,1.12,0.61,27.5,20.0,16.5,0.0,1.0,1.0,1.0,44.37,3.4
2018-12-06 00:00:00+00:00,North End,Lyft,Lux Black,11.0,0.33,2.78,1.4763636363636363,1.09,0.65,22.5,18.954545454545453,16.5,0.0,1.0,1.0,1.0,42.76,4.2
2018-12-06 01:00:00+00:00,North End,Lyft,Lux Black,10.0,0.91,2.94,1.565,1.13,0.7,27.5,20.9,16.5,0.0,1.25,1.025,1.0,41.48,4.57
2018-12-06 02:00:00+00:00,North End,Lyft,Lux Black,12.0,0.75,2.91,1.59,1.01,0.73,27.5,19.58333333333333,16.5,0.0,1.0,1.0,1.0,40.97,4.53
2018-12-06 03:00:00+00:00,North End,Lyft,Lux Black,14.0,0.93,2.91,1.5521428571428573,1.01,0.76,26.0,19.107142857142858,16.5,0.0,1.0,1.0,1.0,41.07,5.06
2018-12-06 04:00:00+00:00,North End,Lyft,Lux Black,11.0,0.88,2.91,1.5163636363636364,1.02,0.79,26.0,19.818181818181817,16.5,0.0,1.0,1.0,1.0,40.93,4.54
2018-12-06 05:00:00+00:00,North End,Lyft,Lux Black,17.0,0.86,3.44,1.8776470588235288,1.08,0.83,30.0,21.88235294117647,16.5,0.0,1.0,1.0,1.0,40.69,5.09
2018-12-06 06:00:00+00:00,North End,Lyft,Lux Black,23.0,0.86,3.47,1.671304347826087,1.01,0.85,27.5,20.695652173913043,16.5,0.0,1.0,1.0,1.0,41.22,5.23
2018-12-06 07:00:00+00:00,North End,Lyft,Lux Black,10.0,0.91,2.5,1.474,1.11,0.88,27.5,19.1,16.5,0.0,1.0,1.0,1.0,41.7,6.0
2018-12-06 08:00:00+00:00,North End,Lyft,Lux Black,14.0,0.98,2.96,1.595,1.0,0.89,27.5,19.821428571428573,16.5,0.0,1.0,1.0,1.0,42.76,6.07
2018-12-06 09:00:00+00:00,North End,Lyft,Lux Black,14.0,1.0,2.9,1.7100000000000002,1.08,0.9,27.5,20.0,16.5,0.0,1.0,1.0,1.0,43.69,6.22
2018-12-06 10:00:00+00:00,North End,Lyft,Lux Black,11.0,1.0,3.44,1.5554545454545454,0.99,0.9,30.0,20.227272727272727,16.5,0.0,1.0,1.0,1.0,44.52,6.36
2018-12-06 11:00:00+00:00,North End,Lyft,Lux Black,9.0,1.0,2.44,1.4155555555555557,1.09,0.91,22.5,18.83333333333333,16.5,0.0,1.0,1.0,1.0,45.21,6.29
2018-12-06 12:00:00+00:00,North End,Lyft,Lux Black,9.0,0.91,2.92,2.0277777777777777,1.13,0.91,27.5,21.11111111111111,16.5,0.0,1.0,1.0,1.0,45.55,6.49
2018-12-06 13:00:00+00:00,North End,Lyft,Lux Black,13.0,1.0,2.92,1.5015384615384617,0.91,0.9,30.0,19.15384615384616,16.5,0.0,1.0,1.0,1.0,45.81,6.14
2018-12-06 14:00:00+00:00,North End,Lyft,Lux Black,11.0,0.91,3.65,1.791818181818182,1.01,0.9,32.5,21.318181818181817,16.5,0.0,1.0,1.0,1.0,46.11,5.92
2018-12-06 15:00:00+00:00,North End,Lyft,Lux Black,13.0,0.99,3.47,1.972307692307692,1.1,0.9,27.5,22.807692307692307,16.5,0.0,1.5,1.0576923076923077,1.0,45.97,5.7
2018-12-06 16:00:00+00:00,North End,Lyft,Lux Black,9.0,0.89,3.47,2.4222222222222225,1.09,0.91,30.0,23.72222222222222,16.5,0.0,1.0,1.0,1.0,45.33,4.55
2018-12-06 17:00:00+00:00,North End,Lyft,Lux Black,9.0,0.95,2.93,1.68,1.08,0.91,30.0,21.55555555555556,16.5,0.0,1.0,1.0,1.0,45.5,4.19
2018-12-06 18:00:00+00:00,North End,Lyft,Lux Black,11.0,0.97,2.8,1.4236363636363636,1.0,0.89,26.0,19.818181818181817,16.5,0.0,1.5,1.0454545454545454,1.0,46.02,3.82
2018-12-06 19:00:00+00:00,North End,Lyft,Lux Black,14.0,0.92,2.91,1.445,0.93,0.88,26.0,19.535714285714285,16.5,0.0,1.0,1.0,1.0,46.85,3.97
2018-12-06 20:00:00+00:00,North End,Lyft,Lux Black,7.0,0.88,2.51,1.6771428571428568,1.23,0.86,27.5,21.928571428571427,19.5,0.0,1.0,1.0,1.0,48.21,4.0
2018-12-06 21:00:00+00:00,North End,Lyft,Lux Black,13.0,0.85,2.85,1.456153846153846,0.99,0.79,27.5,18.884615384615383,16.5,0.0,1.0,1.0,1.0,50.53,2.33
2018-12-06 22:00:00+00:00,North End,Lyft,Lux Black,16.0,0.7,2.96,1.5700000000000005,1.01,0.75,27.5,19.6875,16.5,0.0,1.0,1.0,1.0,51.81,6.81
2018-12-06 23:00:00+00:00,North End,Lyft,Lux Black,15.0,0.89,3.49,1.915333333333333,1.07,0.73,34.0,22.3,16.5,0.0,1.25,1.0166666666666666,1.0,51.87,5.62
2018-12-07 00:00:00+00:00,North End,Lyft,Lux Black,13.0,0.61,2.93,1.5299999999999998,1.1,0.7,22.5,18.807692307692307,16.5,0.0,1.0,1.0,1.0,50.06,4.76
2018-12-07 01:00:00+00:00,North End,Lyft,Lux Black,6.0,0.54,2.51,1.5599999999999998,1.02,0.71,22.5,19.5,16.5,0.0,1.0,1.0,1.0,48.78,5.55
2018-12-07 02:00:00+00:00,North End,Lyft,Lux Black,11.0,0.42,2.52,1.9218181818181816,0.99,0.7,27.5,21.227272727272727,16.5,0.0,1.25,1.0227272727272727,1.0,47.21,6.73
2018-12-07 03:00:00+00:00,North End,Lyft,Lux Black,12.0,0.43,3.4,1.9783333333333328,1.11,0.7,30.0,22.541666666666668,16.5,0.0,1.0,1.0,1.0,45.46,7.49
2018-12-07 04:00:00+00:00,North End,Lyft,Lux Black,6.0,0.34,1.89,1.5616666666666663,1.09,0.7,22.5,21.0,16.5,0.0,1.0,1.0,1.0,44.17,8.02
2018-12-07 05:00:00+00:00,North End,Lyft,Lux Black,17.0,0.17,3.45,1.6741176470588233,1.01,0.71,27.5,20.323529411764707,16.5,0.0,1.0,1.0,1.0,42.78,6.49
2018-12-07 06:00:00+00:00,North End,Lyft,Lux Black,12.0,0.44,2.9,1.7341666666666669,0.99,0.71,27.5,19.83333333333333,16.5,0.0,1.0,1.0,1.0,41.72,6.3
2018-12-07 07:00:00+00:00,North End,Lyft,Lux Black,13.0,0.4,3.47,1.7323076923076923,0.98,0.7,30.0,20.15384615384616,16.5,0.0,1.0,1.0,1.0,41.04,6.4
2018-12-07 08:00:00+00:00,North End,Lyft,Lux Black,9.0,0.55,2.43,1.5322222222222222,1.0,0.71,22.5,19.5,16.5,0.0,1.0,1.0,1.0,40.69,6.63
2018-12-07 09:00:00+00:00,North End,Lyft,Lux Black,8.0,0.44,2.52,1.4700000000000002,0.99,0.71,22.5,19.125,16.5,0.0,1.25,1.03125,1.0,39.64,7.3
2018-12-07 10:00:00+00:00,North End,Lyft,Lux Black,6.0,0.41,2.88,1.508333333333333,1.02,0.7,30.0,21.33333333333333,16.5,0.0,1.5,1.0833333333333333,1.0,40.22,7.85
2018-12-07 11:00:00+00:00,North End,Lyft,Lux Black,13.0,0.42,2.8,1.4653846153846155,1.0,0.73,27.5,19.423076923076923,16.5,0.0,1.0,1.0,1.0,39.32,7.33
2018-12-07 12:00:00+00:00,North End,Lyft,Lux Black,7.0,0.44,3.43,2.011428571428572,1.08,0.74,30.0,22.0,16.5,0.0,1.0,1.0,1.0,39.45,7.27
2018-12-07 13:00:00+00:00,North End,Lyft,Lux Black,9.0,0.39,1.53,1.262222222222222,1.0,0.74,19.5,18.166666666666668,16.5,0.0,1.0,1.0,1.0,39.41,8.16
2018-12-07 14:00:00+00:00,North End,Lyft,Lux Black,13.0,0.26,1.94,1.3776923076923078,1.0,0.76,27.5,20.115384615384617,16.5,0.0,1.75,1.0769230769230769,1.0,38.61,7.9
2018-12-07 15:00:00+00:00,North End,Lyft,Lux Black,16.0,0.61,2.88,1.74125,0.94,0.77,30.0,20.71875,16.5,0.0,1.0,1.0,1.0,38.76,7.31
2018-12-07 16:00:00+00:00,North End,Lyft,Lux Black,9.0,0.83,2.93,1.6777777777777776,1.08,0.77,30.0,20.38888888888889,16.5,0.0,1.0,1.0,1.0,39.03,6.98
2018-12-07 17:00:00+00:00,North End,Lyft,Lux Black,16.0,0.84,3.43,1.6543750000000004,1.01,0.73,30.0,20.28125,16.5,0.0,1.0,1.0,1.0,40.5,7.64
2018-12-07 18:00:00+00:00,North End,Lyft,Lux Black,12.0,1.0,3.41,1.6333333333333335,1.09,0.71,27.5,19.70833333333333,16.5,0.0,1.0,1.0,1.0,41.12,6.8
2018-12-07 19:00:00+00:00,North End,Lyft,Lux Black,11.0,0.87,3.45,1.6509090909090909,1.03,0.71,32.5,20.863636363636363,16.5,0.0,1.0,1.0,1.0,41.97,7.35
2018-12-07 20:00:00+00:00,North End,Lyft,Lux Black,7.0,0.83,3.44,1.75,0.99,0.71,30.0,20.857142857142858,16.5,0.0,1.0,1.0,1.0,42.49,9.89
2018-12-07 21:00:00+00:00,North End,Lyft,Lux Black,7.0,0.91,2.92,1.6771428571428573,0.99,0.73,30.0,20.428571428571427,16.5,0.008,1.0,1.0,1.0,42.38,9.5
2018-12-07 22:00:00+00:00,North End,Lyft,Lux Black,19.0,1.0,3.51,1.7899999999999998,0.98,0.72,32.5,20.63157894736842,16.5,0.0,1.25,1.013157894736842,1.0,42.51,9.9
2018-12-07 23:00:00+00:00,North End,Lyft,Lux Black,12.0,1.0,3.43,1.7566666666666668,1.01,0.75,27.5,20.20833333333333,16.5,0.004,1.0,1.0,1.0,42.68,9.91
2018-12-08 00:00:00+00:00,North End,Lyft,Lux Black,11.0,0.95,2.38,1.4800000000000002,1.12,0.73,22.5,18.681818181818183,16.5,0.0,1.0,1.0,1.0,42.92,9.93
2018-12-08 01:00:00+00:00,North End,Lyft,Lux Black,15.0,1.0,3.61,1.9626666666666663,1.14,0.74,30.0,22.1,16.5,0.0,1.0,1.0,1.0,42.54,9.94
2018-12-08 02:00:00+00:00,North End,Lyft,Lux Black,10.0,1.0,1.79,1.327,1.1,0.76,22.5,18.3,16.5,0.004,1.0,1.0,1.0,42.07,10.79
2018-12-08 03:00:00+00:00,North End,Lyft,Lux Black,9.0,0.89,3.48,1.9988888888888887,1.0,0.77,30.0,22.61111111111111,16.5,0.0391,1.0,1.0,1.0,42.13,11.09
2018-12-08 04:00:00+00:00,North End,Lyft,Lux Black,17.0,1.0,2.96,1.6482352941176472,0.98,0.77,30.0,20.558823529411764,16.5,0.2088,1.25,1.0147058823529411,1.0,42.36,11.46
2018-12-08 05:00:00+00:00,North End,Lyft,Lux Black,9.0,1.0,2.89,1.9322222222222227,0.99,0.83,30.0,22.72222222222222,16.5,0.045,1.0,1.0,1.0,41.77,10.9
2018-12-08 06:00:00+00:00,North End,Lyft,Lux Black,11.0,1.0,1.92,1.221818181818182,0.98,0.9,22.5,17.59090909090909,16.5,0.026,1.0,1.0,1.0,40.37,10.6
2018-12-08 07:00:00+00:00,North End,Lyft,Lux Black,7.0,1.0,2.84,1.7585714285714285,1.11,0.93,30.0,21.428571428571427,16.5,0.006,1.0,1.0,1.0,39.44,10.36
2018-12-08 08:00:00+00:00,North End,Lyft,Lux Black,17.0,0.99,2.82,1.805294117647059,1.02,0.92,27.5,21.323529411764707,16.5,0.003,1.0,1.0,1.0,39.17,11.55
2018-12-08 09:00:00+00:00,North End,Lyft,Lux Black,11.0,1.0,2.93,1.7981818181818183,1.0,0.91,30.0,21.77272727272728,16.5,0.0,1.0,1.0,1.0,39.05,11.34
2018-12-08 10:00:00+00:00,North End,Lyft,Lux Black,22.0,1.0,3.57,1.5286363636363638,0.91,0.9,30.0,19.477272727272727,16.5,0.0,1.0,1.0,1.0,38.96,11.7
2018-12-08 11:00:00+00:00,North End,Lyft,Lux Black,13.0,1.0,2.97,1.5076923076923074,0.97,0.9,27.5,19.46153846153846,16.5,0.0,1.0,1.0,1.0,38.91,11.15
2018-12-08 12:00:00+00:00,North End,Lyft,Lux Black,9.0,1.0,2.91,1.7755555555555558,1.07,0.91,26.0,20.944444444444443,16.5,0.0,1.0,1.0,1.0,38.46,10.83
2018-12-08 13:00:00+00:00,North End,Lyft,Lux Black,15.0,1.0,2.89,1.5573333333333332,1.0,0.92,30.0,19.8,16.5,0.0,1.0,1.0,1.0,37.5,10.74
2018-12-08 14:00:00+00:00,North End,Lyft,Lux Black,9.0,1.0,2.93,1.471111111111111,1.01,0.93,26.0,18.55555555555556,16.5,0.0,1.0,1.0,1.0,36.35,9.83
2018-12-08 15:00:00+00:00,North End,Lyft,Lux Black,14.0,1.0,2.81,1.542857142857143,1.09,0.92,27.5,18.785714285714285,16.5,0.003,1.0,1.0,1.0,34.89,10.06
2018-12-08 16:00:00+00:00,North End,Lyft,Lux Black,9.0,1.0,3.5,1.5466666666666664,1.02,0.93,27.5,19.05555555555556,16.5,0.0139999999999999,1.0,1.0,1.0,34.27,9.35
2018-12-08 17:00:00+00:00,North End,Lyft,Lux Black,9.0,0.99,2.92,1.6244444444444446,1.07,0.92,26.0,19.27777777777778,16.5,0.0,1.0,1.0,1.0,34.41,7.84
2018-12-08 18:00:00+00:00,North End,Lyft,Lux Black,16.0,0.92,2.89,1.78625,1.12,0.9,27.5,20.6875,16.5,0.0,1.0,1.0,1.0,35.71,7.4
2018-12-08 19:00:00+00:00,North End,Lyft,Lux Black,10.0,0.91,2.84,1.582,0.93,0.9,26.0,20.15,16.5,0.0,1.0,1.0,1.0,36.36,6.89
2018-12-08 20:00:00+00:00,North End,Lyft,Lux Black,9.0,0.91,2.84,1.971111111111112,1.1,0.87,30.0,21.88888888888889,16.5,0.0,1.0,1.0,1.0,37.4,7.55
2018-12-08 21:00:00+00:00,North End,Lyft,Lux Black,15.0,1.0,2.84,1.5953333333333333,0.98,0.84,30.0,19.966666666666665,16.5,0.0,1.0,1.0,1.0,38.89,6.34
2018-12-08 22:00:00+00:00,North End,Lyft,Lux Black,11.0,0.96,2.64,1.539090909090909,0.93,0.81,32.5,20.59090909090909,16.5,0.0,1.0,1.0,1.0,39.82,6.43
2018-12-08 23:00:00+00:00,North End,Lyft,Lux Black,10.0,0.92,3.5,1.717,1.08,0.79,26.0,19.85,16.5,0.0,1.0,1.0,1.0,40.66,7.45
2018-12-09 00:00:00+00:00,North End,Lyft,Lux Black,6.0,0.82,2.38,1.57,1.23,0.77,22.5,19.0,16.5,0.0,1.0,1.0,1.0,40.68,8.93
2018-12-09 01:00:00+00:00,North End,Lyft,Lux Black,6.0,0.81,2.51,1.7049999999999998,1.11,0.74,26.0,21.08333333333333,16.5,0.0,1.0,1.0,1.0,40.06,9.33
2018-12-09 02:00:00+00:00,North End,Lyft,Lux Black,12.0,0.73,2.8,1.6641666666666668,1.0,0.69,30.0,20.33333333333333,16.5,0.0,1.0,1.0,1.0,40.22,9.2
2018-12-09 03:00:00+00:00,North End,Lyft,Lux Black,10.0,0.72,2.93,1.943,0.99,0.69,27.5,22.25,16.5,0.0,1.0,1.0,1.0,39.76,10.25
2018-12-09 04:00:00+00:00,North End,Lyft,Lux Black,4.0,0.73,1.56,1.45,1.17,0.71,22.5,20.25,16.5,0.0,1.0,1.0,1.0,38.47,9.68
2018-12-09 05:00:00+00:00,North End,Lyft,Lux Black,14.0,0.65,2.8,1.5021428571428572,1.0,0.71,27.5,19.428571428571427,16.5,0.0,1.0,1.0,1.0,37.25,9.18
2018-12-09 06:00:00+00:00,North End,Lyft,Lux Black,13.0,0.55,2.89,1.5061538461538464,1.09,0.7,27.5,18.73076923076923,16.5,0.0,1.0,1.0,1.0,36.92,8.95
2018-12-09 07:00:00+00:00,North End,Lyft,Lux Black,11.0,0.29,2.93,1.5827272727272728,1.01,0.69,30.0,20.363636363636363,16.5,0.0,1.0,1.0,1.0,36.33,10.07
2018-12-09 08:00:00+00:00,North End,Lyft,Lux Black,12.0,0.58,2.87,1.8091666666666668,0.99,0.68,27.5,21.20833333333333,16.5,0.0,1.0,1.0,1.0,36.2,9.27
2018-12-09 09:00:00+00:00,North End,Lyft,Lux Black,8.0,0.78,2.92,1.6887499999999998,1.01,0.66,26.0,19.5625,16.5,0.0,1.0,1.0,1.0,35.8,10.93
2018-12-09 10:00:00+00:00,North End,Lyft,Lux Black,10.0,0.83,1.95,1.3629999999999998,0.99,0.64,22.5,18.6,16.5,0.0279999999999999,1.0,1.0,1.0,34.9,12.44
2018-12-09 11:00:00+00:00,North End,Lyft,Lux Black,11.0,1.0,3.43,1.9681818181818185,1.11,0.61,27.5,21.954545454545453,16.5,0.0,1.0,1.0,1.0,33.55,13.44
2018-12-09 12:00:00+00:00,North End,Lyft,Lux Black,8.0,1.0,3.65,1.825,1.13,0.58,32.5,20.75,16.5,0.0,1.0,1.0,1.0,30.07,13.14
2018-12-09 13:00:00+00:00,North End,Lyft,Lux Black,8.0,0.96,3.44,1.86125,1.01,0.56,27.5,20.4375,16.5,0.0,1.0,1.0,1.0,28.48,15.66
2018-12-09 14:00:00+00:00,North End,Lyft,Lux Black,13.0,0.8,3.49,1.7861538461538466,1.1,0.54,27.5,21.26923076923077,16.5,0.0,1.0,1.0,1.0,27.52,17.57
2018-12-09 15:00:00+00:00,North End,Lyft,Lux Black,18.0,0.77,2.92,1.642777777777778,1.0,0.53,30.0,20.63888888888889,16.5,0.0,1.25,1.0138888888888888,1.0,25.42,18.18
2018-12-09 16:00:00+00:00,North End,Lyft,Lux Black,15.0,0.64,3.47,1.7193333333333334,1.12,0.54,27.5,20.3,16.5,0.0,1.0,1.0,1.0,23.76,16.23
2018-12-09 17:00:00+00:00,North End,Lyft,Lux Black,16.0,0.5,3.56,1.60625,1.08,0.51,30.0,20.0,16.5,0.0,1.0,1.0,1.0,23.91,15.03
2018-12-09 18:00:00+00:00,North End,Lyft,Lux Black,10.0,0.51,3.44,1.923,1.09,0.49,30.0,22.95,16.5,0.0,1.25,1.025,1.0,25.29,13.08
2018-12-09 19:00:00+00:00,North End,Lyft,Lux Black,13.0,0.48,2.4,1.5884615384615384,1.12,0.47,22.5,19.96153846153846,16.5,0.0,1.0,1.0,1.0,26.22,13.97
2018-12-09 20:00:00+00:00,North End,Lyft,Lux Black,13.0,0.34,3.4,2.0246153846153847,1.1,0.46,30.0,23.115384615384617,16.5,0.0,1.25,1.0192307692307692,1.0,27.23,15.14
2018-12-09 21:00:00+00:00,North End,Lyft,Lux Black,10.0,0.32,2.92,1.809,1.11,0.47,27.5,20.55,16.5,0.0,1.0,1.0,1.0,28.66,14.67
2018-12-09 22:00:00+00:00,North End,Lyft,Lux Black,9.0,0.15,2.94,1.6977777777777776,1.12,0.46,27.5,21.11111111111111,16.5,0.0,1.0,1.0,1.0,30.04,13.63
2018-12-09 23:00:00+00:00,North End,Lyft,Lux Black,14.0,0.0,3.5,2.013571428571429,1.12,0.46,34.0,22.535714285714285,16.5,0.0,1.0,1.0,1.0,30.85,13.14
